t,w1,w2,w3,v1,v2,v3,qw,qx,qy,qz
0.0,0.0,0.0,0.0,0.0,0.0,0.0,1.0,0.0,0.0,0.0
0.2,0.0,0.0,3.319838726376478e-05,0.0,0.0,16.070825925892574,0.9999999999998432,0.0,0.0,5.599757116210956e-07
0.4,0.0,0.0,0.00028398139581674927,0.0,0.0,36.05771338282539,0.9999999999103324,0.0,0.0,1.3391610662428992e-05
0.6000000000000001,0.0,0.0,0.0010316934808290252,0.0,0.0,55.66572446517395,0.9999999972676357,0.0,0.0,7.392380375180745e-05
0.8,0.0,0.0,0.0025400148783834404,0.0,0.0,75.16700267351396,0.999999969966988,0.0,0.0,0.0002450837064068342
1.0,0.0,0.0,0.0050782065723163254,0.0,0.0,94.70180990223142,0.9999998100965913,0.0,0.0,0.0006162846592406981
1.2,0.0,0.0,0.008898116217970573,0.0,0.0,113.9295756390314,0.9999991505996683,0.0,0.0,0.0013033801985737304
1.4,0.0,0.0,0.014233919782329775,0.0,0.0,132.6154707990507,0.9999970072539062,0.0,0.0,0.0024465247252477055
1.5999999999999999,0.0,0.0,0.021255099970752363,0.0,0.0,150.47283586145576,0.99999115324978,0.0,0.0,0.004206354974903487
1.7999999999999998,0.0,0.0,0.030035735420596225,0.0,0.0,164.18428055568518,0.999977167946858,0.0,0.0,0.006757483627918995
1.9999999999999998,0.0,0.0,0.03955374732872141,0.0,0.0,163.6411103602931,0.9999475939273689,0.0,0.0,0.010237646158468765
2.1999999999999997,0.0,0.0,0.04860963617368462,0.0,0.0,158.09342423406775,0.9998926730791815,0.0,0.0,0.014650676522581556
2.4,0.0,0.0,0.05706516454591815,0.0,0.0,152.79198002041895,0.9998012098054024,0.0,0.0,0.01993842701051417
2.6,0.0,0.0,0.06496578548658136,0.0,0.0,147.71774503275125,0.9996608287913474,0.0,0.0,0.026042799008489177
2.8000000000000003,0.0,0.0,0.07235253542553702,0.0,0.0,142.8535469511053,0.9994583245389606,0.0,0.0,0.0329098391028228
3.0000000000000004,0.0,0.0,0.07926256358845676,0.0,0.0,138.18384987981696,0.9991799722955127,0.0,0.0,0.040489294431224926
3.2000000000000006,0.0,0.0,0.08572958710146794,0.0,0.0,133.69456191904078,0.9988117818847173,0.0,0.0,0.04873422173664119
3.400000000000001,0.0,0.0,0.09178428369849159,0.0,0.0,129.3728691909953,0.9983397046322382,0.0,0.0,0.05760064370139934
3.600000000000001,0.0,0.0,0.0974546318047187,0.0,0.0,125.20709216897686,0.9977498016460785,0.0,0.0,0.06704724688763132
3.800000000000001,0.0,0.0,0.10276620605812803,0.0,0.0,121.1865608853673,0.9970283801676012,0.0,0.0,0.0770351162806238
4.000000000000001,0.0,0.0,0.10774243494950575,0.0,0.0,117.30150618243471,0.9961621034694236,0.0,0.0,0.08752750202864118
4.200000000000001,0.0,0.0,0.11240482614081622,0.0,0.0,113.5429646462275,0.9951380787787152,0.0,0.0,0.09848961450126646
4.400000000000001,0.0,0.0,0.11677316410839098,0.0,0.0,109.90269525213773,0.9939439268989546,0.0,0.0,0.10988844425455187
4.600000000000001,0.0,0.0,0.12086568400951914,0.0,0.0,106.3731060685445,0.9925678365510643,0.0,0.0,0.1216926039015509
4.800000000000002,0.0,0.0,0.12469922505597136,0.0,0.0,102.9471896262592,0.9909986059254351,0.0,0.0,0.13387218924722252
5.000000000000002,0.0,0.0,0.12828936617006095,0.0,0.0,99.61846577723331,0.9892256735054525,0.0,0.0,0.14639865736298172
5.200000000000002,0.0,0.0,0.13165054627770065,0.0,0.0,96.38093104481747,0.9872391398715433,0.0,0.0,0.1592447195535706
5.400000000000002,0.0,0.0,0.13479617124238288,0.0,0.0,93.22901361666338,0.985029781907194,0.0,0.0,0.17238424741218594
5.600000000000002,0.0,0.0,0.13773870915117978,0.0,0.0,90.15753325563368,0.9825890605926489,0.0,0.0,0.18579219037315767
5.8000000000000025,0.0,0.0,0.1404897754183637,0.0,0.0,87.16166550824133,0.9799091233782893,0.0,0.0,0.1994445033586852
6.000000000000003,0.0,0.0,0.1430602089657387,0.0,0.0,84.23690967773115,0.9769828019701936,0.0,0.0,0.21331808328050725
6.200000000000003,0.0,0.0,0.14546014056449133,0.0,0.0,81.37906010281749,0.9738036062287375,0.0,0.0,0.22739071330180996
6.400000000000003,0.0,0.0,0.14769905427582158,0.0,0.0,78.58418034563847,0.9703657147722152,0.0,0.0,0.24164101389169784
6.600000000000003,0.0,0.0,0.1497858428023284,0.0,0.0,75.84857994558328,0.9666639627872108,0.0,0.0,0.25604839981637456
6.800000000000003,0.0,0.0,0.15172885745542672,0.0,0.0,73.16879344085294,0.9626938274724556,0.0,0.0,0.2705930423097274
7.0000000000000036,0.0,0.0,0.15353595335295708,0.0,0.0,70.54156139820725,0.9584514114804584,0.0,0.0,0.28525583575295577
7.200000000000004,0.0,0.0,0.15521453038312802,0.0,0.0,67.96381322438685,0.9539334246690383,0.0,0.0,0.3000183682696779
7.400000000000004,0.0,0.0,0.15677157040395265,0.0,0.0,65.43265156105134,0.9491371644312381,0.0,0.0,0.3148628957108617
7.600000000000004,0.0,0.0,0.15821367108969853,0.0,0.0,62.94533808946729,0.9440604948354202,0.0,0.0,0.32977231856403844
7.800000000000004,0.0,0.0,0.15954707678614585,0.0,0.0,60.49928059221611,0.9387018247764743,0.0,0.0,0.3447301613745414
8.000000000000004,0.0,0.0,0.16077770669345737,0.0,0.0,58.092021137373095,0.9330600853129414,0.0,0.0,0.3597205543137713
8.200000000000003,0.0,0.0,0.1619111806582125,0.0,0.0,55.721225266358616,0.9271347063427022,0.0,0.0,0.37472821657146566
8.400000000000002,0.0,0.0,0.16295284282381556,0.0,0.0,53.38467208033169,0.9209255927509907,0.0,0.0,0.3897384412862511
8.600000000000001,0.0,0.0,0.1639077833603508,0.0,0.0,51.0802451318844,0.9144331001483007,0.0,0.0,0.4047370817619357
8.8,0.0,0.0,0.1647808584704355,0.0,0.0,48.805924039152494,0.9076580103018417,0.0,0.0,0.41971053874652914
9.0,0.0,0.0,0.16557670884621345,0.0,0.0,46.55977674849617,0.9006015063521189,0.0,0.0,0.43464574857726895
9.2,0.0,0.0,0.16629977673391247,0.0,0.0,44.3399523798055,0.8932651478957155,0.0,0.0,0.44953017201834783
9.399999999999999,0.0,0.0,0.16695432174599775,0.0,0.0,42.144674595399565,0.885650846006133,0.0,0.0,0.4643517836388927
9.599999999999998,0.0,0.0,0.16754443554658244,0.0,0.0,39.972235439548214,0.8777608382563971,0.0,0.0,0.4790990615973145
9.799999999999997,0.0,0.0,0.1680740555231444,0.0,0.0,37.820989600961106,0.8695976637999019,0.0,0.0,0.4937609777146763
9.999999999999996,0.0,0.0,0.16854697754651976,0.0,0.0,35.68934905525528,0.8611641385594585,0.0,0.0,0.5083269877344165
10.199999999999996,0.0,0.0,0.16896686791140708,0.0,0.0,33.575778048511395,0.8524633305686502,0.0,0.0,0.5227870216788135
10.399999999999995,0.0,0.0,0.169337274541057,0.0,0.0,31.47878838662961,0.8434985355042472,0.0,0.0,0.5371314742241329
10.599999999999994,0.0,0.0,0.1696616375322994,0.0,0.0,29.396934998358418,0.8342732524435365,0.0,0.0,0.5513511950266214
10.799999999999994,0.0,0.0,0.1699432991104519,0.0,0.0,27.328811742645158,0.8247911598758819,0.0,0.0,0.5654374789405081
10.999999999999993,0.0,0.0,0.17018551305785473,0.0,0.0,25.273047433389237,0.8150560919936205,0.0,0.0,0.5793820560770648
11.199999999999992,0.0,0.0,0.17039145367470226,0.0,0.0,23.228302056806243,0.8050720152834403,0.0,0.0,0.5931770816606625
11.399999999999991,0.0,0.0,0.17056422432640653,0.0,0.0,21.19326315846547,0.7948430054356697,0.0,0.0,0.6068151256437107
11.59999999999999,0.0,0.0,0.17070686562787596,0.0,0.0,19.166642378672698,0.7843732245853694,0.0,0.0,0.6202891620474678
11.79999999999999,0.0,0.0,0.17082236331175893,0.0,0.0,17.147172116258005,0.7736668988957632,0.0,0.0,0.6335925580000231
11.99999999999999,0.0,0.0,0.17091365582484505,0.0,0.0,15.133602302015095,0.7627282964913172,0.0,0.0,0.6467190624463247
12.199999999999989,0.0,0.0,0.17098364169439276,0.0,0.0,13.124697264041083,0.7515617057446925,0.0,0.0,0.6596627945080188
12.399999999999988,0.0,0.0,0.1710351867041292,0.0,0.0,11.119232668058176,0.7401714139188115,0.0,0.0,0.672418231473112
12.599999999999987,0.0,0.0,0.17107113091801718,0.0,0.0,9.115992516473593,0.7285616861623974,0.0,0.0,0.6849801963970961
12.799999999999986,0.0,0.0,0.17109429558858358,0.0,0.0,7.113766190463531,0.716736744854546,0.0,0.0,0.6973438452982212
12.999999999999986,0.0,0.0,0.1711074899856363,0.0,0.0,5.111345519773778,0.7047007492911782,0.0,0.0,0.7095046539300867
13.199999999999985,0.0,0.0,0.17111351818054849,0.0,0.0,3.10752186534663,0.6924577757035723,0.0,0.0,0.7214584041146525
13.399999999999984,0.0,0.0,0.17111518582095323,0.0,0.0,1.1010832032482005,0.6800117975965932,0.0,0.0,0.7332011696181683
13.599999999999984,-9.578093560816488e-11,-5.66723605654589e-09,0.17111530693040533,-8.007485598530553e-08,1.3627535745903789e-09,-0.893000368123058,0.6673666663917185,2.0963447237815454e-10,-1.9448296854551565e-10,0.744729301551379
