t,w1,w2,w3,v1,v2,v3,qw,qx,qy,qz
0.0,0.0,0.0,0.0,0.0,0.0,0.0,1.0,0.0,0.0,0.0
0.025,0.0,0.0,-0.0012210615319854247,0.0,0.0,1.7363596458690904,0.9999999999999845,0.0,0.0,1.770949256231807e-07
0.05,0.0,0.0,-4003.6927674100393,0.0,0.0,4.145810279792801,0.7163256403161453,0.0,0.0,0.6977661334757259
0.07500000000000001,0.0,0.0,-4003.6927674100393,0.0,0.0,6.466399478861634,0.69342159710921,0.0,0.0,0.7205320871845421
0.1,0.0,0.0,-4003.6927674100393,0.0,0.0,8.856182449709248,0.6697943957219177,0.0,0.0,0.7425466096209122
0.125,0.0,0.0,-4003.6927674100393,0.0,0.0,11.31156719628881,0.6454686765808617,0.0,0.0,0.7637867421950651
0.15,0.0,0.0,-4003.6927674100393,0.0,0.0,13.814144708091662,0.6204698085855166,0.0,0.0,0.7842303339159052
0.175,0.0,0.0,-4003.6927674100393,0.0,0.0,16.36249641538179,0.5948238626514195,0.0,0.0,0.8038560644919245
0.19999999999999998,0.0,0.0,-4003.6927674100393,0.0,0.0,18.930234511210323,0.5685575845212368,0.0,0.0,0.8226434665657879
0.22499999999999998,0.0,0.0,-4003.6927674100393,0.0,0.0,21.491266900080763,0.5416983668720593,0.0,0.0,0.8405729470594112
0.24999999999999997,0.0,0.0,-4003.6927674100393,0.0,0.0,24.038181031672917,0.5142742207480222,0.0,0.0,0.8576258076072656
0.27499999999999997,0.0,0.0,-4003.6927674100393,0.0,0.0,26.56855965342642,0.4863137463480398,0.0,0.0,0.8737842640566003
0.3,0.0,0.0,-4003.6927674100393,0.0,0.0,29.071423502354598,0.45784610319912045,0.0,0.0,0.8890314650142482
0.325,0.0,0.0,-4003.6927674100393,0.0,0.0,31.54553952551837,0.42890097974636654,0.0,0.0,0.9033515094206722
0.35000000000000003,0.0,0.0,-4003.6927674100393,0.0,0.0,33.99701238789539,0.3995085623913751,0.0,0.0,0.9167294631329226
0.37500000000000006,0.0,0.0,-4003.6927674100393,0.0,0.0,36.4473090087352,0.3696995040113269,0.0,0.0,0.9291513744992141
0.4000000000000001,0.0,0.0,-4003.6927674100393,0.0,0.0,38.89798399801174,0.33950489199159645,0.0,0.0,0.9406042889088772
0.4250000000000001,0.0,0.0,-4003.6927674100393,0.0,0.0,41.34884274973097,0.30895621580521976,0.0,0.0,0.951076262302513
0.4500000000000001,0.0,0.0,-4003.6927674100393,0.0,0.0,43.79963341793717,0.27808533417303166,0.0,0.0,0.96055637362826
0.47500000000000014,0.0,0.0,-4003.6927674100393,0.0,0.0,46.25014385154534,0.24692444183872106,0.0,0.0,0.9690347362311817
0.5000000000000001,0.0,0.0,-4003.6927674100393,0.0,0.0,48.70014860173661,0.2155060359934523,0.0,0.0,0.9765025081639006
0.5250000000000001,0.0,0.0,-4003.6927674100393,0.0,0.0,51.14800834851466,0.1838628823850699,0.0,0.0,0.9829519014077209
0.5500000000000002,0.0,0.0,-4003.6927674100393,0.0,0.0,53.59236689139868,0.1520279811472293,0.0,0.0,0.9883761899946284
0.5750000000000002,0.0,0.0,-4003.6927674100393,0.0,0.0,56.033014378814606,0.12003453238409076,0.0,0.0,0.992769717021693
0.6000000000000002,0.0,0.0,-4003.6927674100393,0.0,0.0,58.46973571174967,0.08791590154646717,0.0,0.0,0.9961279005505628
0.6250000000000002,0.0,0.0,-4003.6927674100393,0.0,0.0,60.903621861258024,0.05570558463553423,0.0,0.0,0.9984472383858916
0.6500000000000002,0.0,0.0,-4003.6927674100393,0.0,0.0,63.336126916926304,0.02343717327039233,0.0,0.0,0.9997253117277232
0.6750000000000003,0.0,0.0,-4003.6927674100393,0.0,0.0,65.76702024386478,-0.008855680344090504,0.0,0.0,0.9999607876940192
0.7000000000000003,0.0,0.0,-4003.6927674100393,0.0,0.0,68.19615117378514,-0.041139298512619306,0.0,0.0,0.9991534207106982
0.7250000000000003,0.0,0.0,-4003.6927674100393,0.0,0.0,70.62604897042422,-0.07338001317139653,0.0,0.0,0.9973040527677434
0.7500000000000003,0.0,0.0,-4003.6927674100393,0.0,0.0,73.06145035396926,-0.10554420100000167,0.0,0.0,0.9944146125411026
0.7750000000000004,0.0,0.0,-4003.6927674100393,0.0,0.0,75.50246971654842,-0.13759831848660908,0.0,0.0,0.9904881133813054
0.8000000000000004,0.0,0.0,-4003.6927674100393,0.0,0.0,77.9491439193131,-0.1695089369099745,0.0,0.0,0.9855286501708869
0.8250000000000004,0.0,0.0,-4003.6927674100393,0.0,0.0,80.39817202298812,-0.20124277720170808,0.0,0.0,0.9795413950539016
0.8500000000000004,0.0,0.0,-4003.6927674100393,0.0,0.0,82.84582028845632,-0.23276674465247754,0.0,0.0,0.972532592041978
0.8750000000000004,0.0,0.0,-4003.6927674100393,0.0,0.0,85.29179403710043,-0.2640479634259455,0.0,0.0,0.9645095505025394
0.9000000000000005,0.0,0.0,-4003.6927674100393,0.0,0.0,87.73586113014757,-0.29505381084444815,0.0,0.0,0.955480637535983
0.9250000000000005,0.0,0.0,-4003.6927674100393,0.0,0.0,90.17352321149215,-0.32575195141065894,0.0,0.0,0.9454552692497661
0.9500000000000005,0.0,0.0,-4003.6927674100393,0.0,0.0,92.59915761195253,-0.35611037052975586,0.0,0.0,0.9344439009384994
0.9750000000000005,0.0,0.0,-4003.6927674100393,0.0,0.0,95.01240868939682,-0.38609740789692554,0.0,0.0,0.9224580161802894
1.0000000000000004,0.0,0.0,-4003.6927674100393,0.0,0.0,97.41307148951933,-0.4156817905153834,0.0,0.0,0.9095101148607005
1.0250000000000004,0.0,0.0,-4003.6927674100393,0.0,0.0,99.85339341929179,-0.4448326653104767,0.0,0.0,0.8956137001368265
1.0500000000000003,0.0,0.0,-4003.6927674100393,0.0,0.0,102.31186296180628,-0.473519631305858,0.0,0.0,0.8807832643550649
1.0750000000000002,0.0,0.0,-4003.6927674100393,0.0,0.0,104.72548516053635,-0.5017127713281719,0.0,0.0,0.8650342739372847
1.1,0.0,0.0,-4003.6927674100393,0.0,0.0,107.12922745426366,-0.5293826832071915,0.0,0.0,0.8483831532511442
1.125,0.0,0.0,-4003.6927674100393,0.0,0.0,109.55368377212905,-0.5565005104388671,0.0,0.0,0.8308472674813828
1.15,0.0,0.0,-4003.6927674100393,0.0,0.0,112.0223937974682,-0.583037972279308,0.0,0.0,0.8124449045199513
1.1749999999999998,0.0,0.0,-4003.6927674100393,0.0,0.0,114.46428047780198,-0.6089673932383136,0.0,0.0,0.7931952558938645
1.1999999999999997,0.0,0.0,-4003.6927674100393,0.0,0.0,116.86709584048253,-0.6342617319416943,0.0,0.0,0.7731183967506674
1.2249999999999996,0.0,0.0,-4003.6927674100393,0.0,0.0,119.23917011082507,-0.6588946093322845,0.0,0.0,0.7522352649223886
1.2499999999999996,0.0,0.0,-4003.6927674100393,0.0,0.0,121.59679623095165,-0.6828403361802348,0.0,0.0,0.7305676390898134
1.2749999999999995,0.0,0.0,-4003.6927674100393,0.0,0.0,123.94060672169162,-0.7060739398738946,0.0,0.0,0.7081381160698497
1.2999999999999994,0.0,0.0,-4003.6927674100393,0.0,0.0,126.27146098153962,-0.7285711904633455,0.0,0.0,0.6849700872496721
1.3249999999999993,0.0,0.0,-4003.6927674100393,0.0,0.0,128.6354385122466,-0.7503086259294246,0.0,0.0,0.6610877141922233
1.3499999999999992,0.0,0.0,-4003.6927674100393,0.0,0.0,131.04927042964601,-0.7712635766518854,0.0,0.0,0.636515903438509
1.3749999999999991,0.0,0.0,-4003.6927674100393,0.0,0.0,133.407575687811,-0.7914141890511781,0.0,0.0,0.6112802805329696
1.399999999999999,0.0,0.0,-4003.6927674100393,0.0,0.0,135.70092721470138,-0.8107394483791953,0.0,0.0,0.5854071632990138
1.424999999999999,0.0,0.0,-4003.6927674100393,0.0,0.0,137.95352082522177,-0.8292192006352119,0.0,0.0,0.5589235343925859
1.4499999999999988,0.0,0.0,-4003.6927674100393,0.0,0.0,140.19144746798423,-0.8468341735841683,0.0,0.0,0.5318570131623899
1.4749999999999988,0.0,0.0,-4003.6927674100393,0.0,0.0,142.41466523568582,-0.8635659968553726,0.0,0.0,0.5042358268461163
1.4999999999999987,0.0,0.0,-4003.6927674100393,0.0,0.0,144.6228937437899,-0.879397221100663,0.0,0.0,0.47608878113271236
1.5249999999999986,0.0,0.0,-4003.6927674100393,0.0,0.0,146.82513895153795,-0.8943113361920513,0.0,0.0,0.44744523012139487
1.5499999999999985,0.0,0.0,-4003.6927674100393,0.0,0.0,149.03046286894295,-0.9082927884398684,0.0,0.0,0.41833504570873387
1.5749999999999984,0.0,0.0,-4003.6927674100393,0.0,0.0,151.2562110754958,-0.9213269968134569,0.0,0.0,0.3887885864357346
1.5999999999999983,0.0,0.0,-4003.6927674100393,0.0,0.0,153.51553822869985,-0.9334003681474906,0.0,0.0,0.35883666582740537
1.6249999999999982,0.0,0.0,-4003.6927674100393,0.0,0.0,155.73519592532077,-0.944500311318069,0.0,0.0,0.3285105202578306
1.6499999999999981,0.0,0.0,-4003.6927674100393,0.0,0.0,157.85313684171075,-0.954615250373796,0.0,0.0,0.29784177637426007
1.674999999999998,0.0,0.0,-4003.6927674100393,0.0,0.0,159.81518807422788,-0.9637346366081521,0.0,0.0,0.2668624181141902
1.699999999999998,0.0,0.0,-4003.6927674100393,0.0,0.0,161.66569086574248,-0.971848959560571,0.0,0.0,0.23560475334983266
1.7249999999999979,0.0,0.0,-4003.6927674100393,0.0,0.0,163.39660807168616,-0.9789497569347448,0.0,0.0,0.20410138019475532
1.7499999999999978,0.0,0.0,-4003.6927674100393,0.0,0.0,164.89152946874,-0.985029623423816,0.0,0.0,0.17238515300783736
1.7749999999999977,0.0,0.0,-4003.6927674100393,0.0,0.0,166.09840916179368,-0.9900822184332523,0.0,0.0,0.14048914812998878
1.7999999999999976,0.0,0.0,-4003.6927674100393,0.0,0.0,167.00316843170177,-0.9941022726933507,0.0,0.0,0.10844662938936878
1.8249999999999975,0.0,0.0,-4003.6927674100393,0.0,0.0,167.64441371970122,-0.9970855937544735,0.0,0.0,0.07629101341107684
1.8499999999999974,0.0,0.0,-4003.6927674100393,0.0,0.0,168.06168310549208,-0.999029070359286,0.0,0.0,0.04405583476749451
1.8749999999999973,0.0,0.0,-4003.6927674100393,0.0,0.0,168.26007196385868,-0.9999306756874368,0.0,0.0,0.011774711005621377
1.8999999999999972,0.0,0.0,-4003.6927674100393,0.0,0.0,168.23646177837392,-0.9997894694692961,0.0,0.0,-0.020518692412121356
1.9249999999999972,0.0,0.0,-4003.6927674100393,0.0,0.0,168.02938520656335,-0.9986055989665473,0.0,0.0,-0.0527906972170578
1.949999999999997,0.0,0.0,-4003.6927674100393,0.0,0.0,167.68046642483472,-0.9963802988186107,0.0,0.0,-0.08500764745677962
1.974999999999997,0.0,0.0,-4003.6927674100393,0.0,0.0,167.16161749337567,-0.9931158897550572,0.0,0.0,-0.11713594459439507
1.999999999999997,0.0,0.0,-4003.6927674100393,0.0,0.0,166.43315579420747,-0.9888157761753579,0.0,0.0,-0.1491420825479003
2.024999999999997,0.0,0.0,-4003.6927674100393,0.0,0.0,165.7090429139849,-0.9834844425984901,0.0,0.0,-0.18099268263313067
2.0499999999999967,0.0,0.0,-4003.6927674100393,0.0,0.0,164.98923326197752,-0.9771274489861058,0.0,0.0,-0.21265452837385188
2.0749999999999966,0.0,0.0,-4003.6927674100393,0.0,0.0,164.27368186835523,-0.9697514249441361,0.0,0.0,-0.2440946001426854
2.0999999999999965,0.0,0.0,-4003.6927674100393,0.0,0.0,163.56234437358054,-0.9613640628088842,0.0,0.0,-0.27528010959674515
2.1249999999999964,0.0,0.0,-4003.6927674100393,0.0,0.0,162.85517701801734,-0.9519741096248098,0.0,0.0,-0.30617853387207045
2.1499999999999964,0.0,0.0,-4003.6927674100393,0.0,0.0,162.15213663175084,-0.9415913580223803,0.0,0.0,-0.3367576495011949
2.1749999999999963,0.0,0.0,-4003.6927674100393,0.0,0.0,161.4531806246138,-0.9302266360054927,0.0,0.0,-0.3669855660184805
2.199999999999996,0.0,0.0,-4003.6927674100393,0.0,0.0,160.7582669764143,-0.9178917956591244,0.0,0.0,-0.3968307592181689
2.224999999999996,0.0,0.0,-4003.6927674100393,0.0,0.0,160.06735422736,-0.9045997007889844,0.0,0.0,-0.42626210403046577
2.249999999999996,0.0,0.0,-4003.6927674100393,0.0,0.0,159.38040146867465,-0.8903642135060594,0.0,0.0,-0.4552489069813744
2.274999999999996,0.0,0.0,-4003.6927674100393,0.0,0.0,158.69736833340207,-0.8752001797700409,0.0,0.0,-0.4837609382024223
2.299999999999996,0.0,0.0,-4003.6927674100393,0.0,0.0,158.0182149873935,-0.8591234139067145,0.0,0.0,-0.511768462956904
2.3249999999999957,0.0,0.0,-4003.6927674100393,0.0,0.0,157.34290212047375,-0.8421506821154546,0.0,0.0,-0.5392422726497565
2.3499999999999956,0.0,0.0,-4003.6927674100393,0.0,0.0,156.67139093778246,-0.8242996849840266,0.0,0.0,-0.5661537152887319
2.3749999999999956,0.0,0.0,-4003.6927674100393,0.0,0.0,156.00364315128584,-0.8055890390289289,0.0,0.0,-0.5924747253650967
2.3999999999999955,0.0,0.0,-4003.6927674100393,0.0,0.0,155.3396209714557,-0.7860382572805296,0.0,0.0,-0.618177853122698
2.4249999999999954,0.0,0.0,-4003.6927674100393,0.0,0.0,154.67928709911126,-0.7656677289332416,0.0,0.0,-0.6432362931848699
2.4499999999999953,0.0,0.0,-4003.6927674100393,0.0,0.0,154.02260471742042,-0.7444986980819621,0.0,0.0,-0.6676239125093284
2.474999999999995,0.0,0.0,-4003.6927674100393,0.0,0.0,153.3695374840569,-0.7225532415669483,0.0,0.0,-0.6913152776418985
2.499999999999995,0.0,0.0,-4003.6927674100393,0.0,0.0,152.72004952350937,-0.6998542459502378,0.0,0.0,-0.7142856812406532
2.524999999999995,0.0,0.0,-4003.6927674100393,0.0,0.0,152.0741054195396,-0.6764253836476231,0.0,0.0,-0.7365111678428006
2.549999999999995,0.0,0.0,-4003.6927674100393,0.0,0.0,151.43167020778574,-0.6522910882410707,0.0,0.0,-0.7579685588474496
2.574999999999995,0.0,0.0,-4003.6927674100393,0.0,0.0,150.79270936850813,-0.6274765289973346,0.0,0.0,-0.7786354766881979
2.5999999999999948,0.0,0.0,-4003.6927674100393,0.0,0.0,150.1571888194738,-0.6020075846193337,0.0,0.0,-0.7984903681703341
2.6249999999999947,0.0,0.0,-4003.6927674100393,0.0,0.0,149.52507490897693,-0.5759108162576704,0.0,0.0,-0.8175125269483177
2.6499999999999946,0.0,0.0,-4003.6927674100393,0.0,0.0,148.89633440899232,-0.5492134398104367,0.0,0.0,-0.8356821151200902
2.6749999999999945,0.0,0.0,-4003.6927674100393,0.0,0.0,148.27093450845857,-0.5219432975401933,0.0,0.0,-0.8529801839157045
2.6999999999999944,0.0,0.0,-4003.6927674100393,0.0,0.0,147.64884280668844,-0.4941288290377238,0.0,0.0,-0.86938869345869
2.7249999999999943,0.0,0.0,-4003.6927674100393,0.0,0.0,147.0300273069035,-0.4657990415628447,0.0,0.0,-0.8848905315795482
2.7499999999999942,0.0,0.0,-4003.6927674100393,0.0,0.0,146.4144564098901,-0.43698347979320307,0.0,0.0,-0.8994695316617586
2.774999999999994,0.0,0.0,-4003.6927674100393,0.0,0.0,145.8020989077746,-0.40771219501261,0.0,0.0,-0.9131104895016809
2.799999999999994,0.0,0.0,-4003.6927674100393,0.0,0.0,145.19292397791438,-0.37801571377104154,0.0,0.0,-0.9257991791647744
2.824999999999994,0.0,0.0,-4003.6927674100393,0.0,0.0,144.586901176903,-0.3479250060489932,0.0,0.0,-0.9375223678215939
2.849999999999994,0.0,0.0,-4003.6927674100393,0.0,0.0,143.98400043468655,-0.3174714529593876,0.0,0.0,-0.9482678295480953
2.874999999999994,0.0,0.0,-4003.6927674100393,0.0,0.0,143.38419204878863,-0.2866868140207193,0.0,0.0,-0.9580243580758526
2.8999999999999937,0.0,0.0,-4003.6927674100393,0.0,0.0,142.78744667864225,-0.25560319403556503,0.0,0.0,-0.9667817784788961
2.9249999999999936,0.0,0.0,-4003.6927674100393,0.0,0.0,142.19373534002574,-0.22425300960900482,0.0,0.0,-0.9745309577849764
2.9499999999999935,0.0,0.0,-4003.6927674100393,0.0,0.0,141.60302939960067,-0.19266895534186781,0.0,0.0,-0.9812638145001951
2.9749999999999934,0.0,0.0,-4003.6927674100393,0.0,0.0,141.01530056954974,-0.16088396973406127,0.0,0.0,-0.9869733270370632
2.9999999999999933,0.0,0.0,-4003.6927674100393,0.0,0.0,140.4305209023122,-0.12893120083354145,0.0,0.0,-0.9916535410372017
3.0249999999999932,0.0,0.0,-4003.6927674100393,0.0,0.0,139.8486627854151,-0.09684397166674963,0.0,0.0,-0.9952995755810458
3.049999999999993,0.0,0.0,-4003.6927674100393,0.0,0.0,139.26969893639802,-0.06465574548656645,0.0,0.0,-0.9979076282780769
3.074999999999993,0.0,0.0,-4003.6927674100393,0.0,0.0,138.6936023978295,-0.03240009087402609,0.0,0.0,-0.9994749792322741
3.099999999999993,0.0,0.0,-4003.6927674100393,0.0,0.0,138.12034653241312,-0.00011064673018536483,0.0,0.0,-0.9999999938786506
3.124999999999993,0.0,0.0,-4003.6927674100393,0.0,0.0,137.54990501818156,0.03217891280534262,0.0,0.0,-0.9994821246879136
3.149999999999993,0.0,0.0,-4003.6927674100393,0.0,0.0,136.98225184377648,0.0644349134726046,0.0,0.0,-0.9979219117374755
3.1749999999999927,0.0,0.0,-4003.6927674100393,0.0,0.0,136.41736130381267,0.09662371600964889,0.0,0.0,-0.9953209821482147
3.1999999999999926,0.0,0.0,-4003.6927674100393,0.0,0.0,135.85520799432476,0.128711751234368,0.0,0.0,-0.9916820483875778
3.2249999999999925,0.0,0.0,-4003.6927674100393,0.0,0.0,135.29576680829447,0.16066555505325655,0.0,0.0,-0.9870089054407913
3.2499999999999925,0.0,0.0,-4003.6927674100393,0.0,0.0,134.7390129312572,0.19245180336057358,0.0,0.0,-0.9813064268531329
3.2749999999999924,0.0,0.0,-4003.6927674100393,0.0,0.0,134.1849218369858,0.224037346791514,0.0,0.0,-0.9745805596473894
3.2999999999999923,0.0,0.0,-4003.6927674100393,0.0,0.0,133.63346928325043,0.2553892452931456,0.0,0.0,-0.9668383181218034
3.324999999999992,0.0,0.0,-4003.6927674100393,0.0,0.0,133.08463130765253,0.2864748024770582,0.0,0.0,-0.9580877765349741
3.349999999999992,0.0,0.0,-4003.6927674100393,0.0,0.0,132.53838422353175,0.3172615997178984,0.0,0.0,-0.9483380606853444
3.374999999999992,0.0,0.0,-4003.6927674100393,0.0,0.0,131.99470461594416,0.3477175299622307,0.0,0.0,-0.9375993383940526
3.399999999999992,0.0,0.0,-4003.6927674100393,0.0,0.0,131.45356933771015,0.3778108312124646,0.0,0.0,-0.9258828089010761
3.424999999999992,0.0,0.0,-4003.6927674100393,0.0,0.0,130.91495550553103,0.4075101196509289,0.0,0.0,-0.9132006911857249
3.4499999999999917,0.0,0.0,-4003.6927674100393,0.0,0.0,130.37884049617253,0.4367844223695477,0.0,0.0,-0.8995662112236655
3.4749999999999917,0.0,0.0,-4003.6927674100393,0.0,0.0,129.84520194271403,0.4656032096709862,0.0,0.0,-0.8849935881937653
3.4999999999999916,0.0,0.0,-4003.6927674100393,0.0,0.0,129.31401773086225,0.49393642690757833,0.0,0.0,-0.869498019649139
3.5249999999999915,0.0,0.0,-4003.6927674100393,0.0,0.0,128.78526599532807,0.5217545258248337,0.0,0.0,-0.853095665667868
3.5499999999999914,0.0,0.0,-4003.6927674100393,0.0,0.0,128.2589251162651,0.5490284953768347,0.0,0.0,-0.8358036319999148
3.5749999999999913,0.0,0.0,-4003.6927674100393,0.0,0.0,127.73497371576885,0.5757298919813879,0.0,0.0,-0.8176399522278124
3.599999999999991,0.0,0.0,-4003.6927674100393,0.0,0.0,127.21339065443556,0.6018308691833755,0.0,0.0,-0.798623568959734
3.624999999999991,0.0,0.0,-4003.6927674100393,0.0,0.0,126.69415502797898,0.6273042066953737,0.0,0.0,-0.7787743140745513
3.649999999999991,0.0,0.0,-4003.6927674100393,0.0,0.0,126.17724616390439,0.6521233387852517,0.0,0.0,-0.7581128880394897
3.674999999999991,0.0,0.0,-4003.6927674100393,0.0,0.0,125.66264361823856,0.6762623819811429,0.0,0.0,-0.7366608383219448
3.699999999999991,0.0,0.0,-4003.6927674100393,0.0,0.0,125.15032717231465,0.6996961620649014,0.0,0.0,-0.714440536917977
3.7249999999999908,0.0,0.0,-4003.6927674100393,0.0,0.0,124.64027682961074,0.7224002403258851,0.0,0.0,-0.691475157020918
3.7499999999999907,0.0,0.0,-4003.6927674100393,0.0,0.0,124.13247281264132,0.7443509390476948,0.0,0.0,-0.6677886488544222
3.7749999999999906,0.0,0.0,-4003.6927674100393,0.0,0.0,123.62689555990033,0.7655253662012796,0.0,0.0,-0.6434057146951654
3.7999999999999905,0.0,0.0,-4003.6927674100393,0.0,0.0,123.12352572285504,0.785901439318666,0.0,0.0,-0.6183517831112392
3.8249999999999904,0.0,0.0,-4003.6927674100393,0.0,0.0,122.62234416298956,0.8054579085224058,0.0,0.0,-0.5926529824431088
3.8499999999999903,0.0,0.0,-4003.6927674100393,0.0,0.0,122.12333194889725,0.8241743786867304,0.0,0.0,-0.5663361135547881
3.8749999999999902,0.0,0.0,-4003.6927674100393,0.0,0.0,121.62647035342084,0.8420313307072983,0.0,0.0,-0.5394286218836524
3.89999999999999,0.0,0.0,-4003.6927674100393,0.0,0.0,121.13174085083963,0.8590101418573532,0.0,0.0,-0.511958568818034
3.92499999999999,0.0,0.0,-4003.6927674100393,0.0,0.0,120.63912511410253,0.8750931052090651,0.0,0.0,-0.4839546024324554
3.94999999999999,0.0,0.0,-4003.6927674100393,0.0,0.0,120.14860501210636,0.8902634480997986,0.0,0.0,-0.45544592761101405
3.97499999999999,0.0,0.0,-4003.6927674100393,0.0,0.0,119.66016260701846,0.904505349624053,0.0,0.0,-0.4264622755900805
3.99999999999999,0.0,0.0,-4003.6927674100393,0.0,0.0,119.17378015164266,0.9178039571328275,0.0,0.0,-0.3970338729520732
4.02499999999999,0.0,0.0,-4003.6927674100393,0.0,0.0,118.68944008682793,0.9301454017232106,0.0,0.0,-0.367191410102643
4.04999999999999,0.0,0.0,-4003.6927674100393,0.0,0.0,118.20712503891882,0.9415168127020331,0.0,0.0,-0.33696600926414577
4.07499999999999,0.0,0.0,-4003.6927674100393,0.0,0.0,117.72681781724695,0.9519063310085082,0.0,0.0,-0.3063891920187794
4.099999999999991,0.0,0.0,-4003.6927674100393,0.0,0.0,117.24850141166277,0.9613031215818517,0.0,0.0,-0.2754928464352344
4.124999999999991,0.0,0.0,-4003.6927674100393,0.0,0.0,116.77215899010676,0.9696973846609942,0.0,0.0,-0.24430919381314298
4.1499999999999915,0.0,0.0,-4003.6927674100393,0.0,0.0,116.29777389621951,0.9770803660045922,0.0,0.0,-0.21287075508000608
4.174999999999992,0.0,0.0,-4003.6927674100393,0.0,0.0,115.82532964698976,0.983444366020686,0.0,0.0,-0.18121031687564326
4.199999999999992,0.0,0.0,-4003.6927674100393,0.0,0.0,115.35480993043977,0.9887827477964785,0.0,0.0,-0.14936089735953575
4.2249999999999925,0.0,0.0,-4003.6927674100393,0.0,0.0,114.88619860334744,0.9930899440198652,0.0,0.0,-0.1173557117767218
4.249999999999993,0.0,0.0,-4003.6927674100393,0.0,0.0,114.41947968900425,0.9963614627854942,0.0,0.0,-0.08522813781815382
4.274999999999993,0.0,0.0,-4003.6927674100393,0.0,0.0,113.95463737500864,0.9985938922793011,0.0,0.0,-0.0530116808116439
4.299999999999994,0.0,0.0,-4003.6927674100393,0.0,0.0,113.491656011094,0.999784904336635,0.0,0.0,-0.02073993877969891
4.324999999999994,0.0,0.0,-4003.6927674100393,0.0,0.0,113.03052010699061,0.9999332568702638,0.0,0.0,0.011553432599314557
4.349999999999994,0.0,0.0,-4003.6927674100393,0.0,0.0,112.57121433032113,0.9990387951657274,0.0,0.0,0.04383475509013326
4.374999999999995,0.0,0.0,-4003.6927674100393,0.0,0.0,112.1137235045287,0.9971024520426857,0.0,0.0,0.0760703630230848
4.399999999999995,0.0,0.0,-4003.6927674100393,0.0,0.0,111.65803260683745,0.994126246882097,0.0,0.0,0.10822663840347059
4.424999999999995,0.0,0.0,-4003.6927674100393,0.0,0.0,111.20412676624434,0.9901132835202391,0.0,0.0,0.14027004597122936
4.449999999999996,0.0,0.0,-4003.6927674100393,0.0,0.0,110.75199126154232,0.9850677470117657,0.0,0.0,0.17216716817431815
4.474999999999996,0.0,0.0,-4003.6927674100393,0.0,0.0,110.30161151937376,0.9789948992651836,0.0,0.0,0.20388474001933732
4.4999999999999964,0.0,0.0,-4003.6927674100393,0.0,0.0,109.85297311231393,0.9719010735552919,0.0,0.0,0.23538968376305483
4.524999999999997,0.0,0.0,-4003.6927674100393,0.0,0.0,109.40606175698379,0.9637936679183119,0.0,0.0,0.26664914340864987
4.549999999999997,0.0,0.0,-4003.6927674100393,0.0,0.0,108.96086331219166,0.954681137436595,0.0,0.0,0.2976305189707017
4.5749999999999975,0.0,0.0,-4003.6927674100393,0.0,0.0,108.51736377710333,0.944572985420954,0.0,0.0,0.32830150047318735
4.599999999999998,0.0,0.0,-4003.6927674100393,0.0,0.0,108.0755492894398,0.9334797534998136,0.0,0.0,0.3586301016450336
4.624999999999998,0.0,0.0,-4003.6927674100393,0.0,0.0,107.63540612370262,0.9214130106255166,0.0,0.0,0.3885846932780826
4.649999999999999,0.0,0.0,-4003.6927674100393,0.0,0.0,107.1969206894259,0.9083853410092504,0.0,0.0,0.4181340362126815
4.674999999999999,0.0,0.0,-4003.6927674100393,0.0,0.0,106.76007952945476,0.8944103309971758,0.0,0.0,0.4472473139164979
4.699999999999999,0.0,0.0,-4003.6927674100393,0.0,0.0,106.32486931824975,0.8795025549014475,0.0,0.0,0.4758941646225833
4.725,0.0,0.0,-4003.6927674100393,0.0,0.0,105.89127686021668,0.8636775598008981,0.0,0.0,0.5040447129931692
4.75,0.0,0.0,-4003.6927674100393,0.0,0.0,105.45928908806144,0.846951849327241,0.0,0.0,0.5316696012761747
4.775,0.0,0.0,-4003.6927674100393,0.0,0.0,105.02889306116947,0.8293428664537008,0.0,0.0,0.5587400199219303
4.800000000000001,0.0,0.0,-4003.6927674100393,0.0,0.0,104.60007596400932,0.8108689753040164,0.0,0.0,0.5852277376281944
4.825000000000001,0.0,0.0,-4003.6927674100393,0.0,0.0,104.17282510455998,0.7915494420007942,0.0,0.0,0.6111051307821195
4.850000000000001,0.0,0.0,-4003.6927674100393,0.0,0.0,103.74712791276144,0.7714044145731803,0.0,0.0,0.6363452122684737
4.875000000000002,0.0,0.0,-4003.6927674100393,0.0,0.0,103.32297193898829,0.7504549019448059,0.0,0.0,0.6609216596140665
4.900000000000002,0.0,0.0,-4003.6927674100393,0.0,0.0,102.9003448525457,0.7287227520239199,0.0,0.0,0.6848088424390303
4.9250000000000025,0.0,0.0,-4003.6927674100393,0.0,0.0,102.47923444018761,0.7062306289185594,0.0,0.0,0.7079818491863307
4.950000000000003,0.0,0.0,-4003.6927674100393,0.0,0.0,102.05962860465662,0.6830019893005167,0.0,0.0,0.7304165131016253
4.975000000000003,0.0,0.0,-4003.6927674100393,0.0,0.0,101.64151536324526,0.6590610579427563,0.0,0.0,0.7520894374363829
5.0000000000000036,0.0,0.0,-4003.6927674100393,0.0,0.0,101.22488284637828,0.6344328024557891,0.0,0.0,0.7729780198479731
5.025000000000004,0.0,0.0,-4003.6927674100393,0.0,0.0,100.80971929621552,0.6091429072493566,0.0,0.0,0.7930604759712854
5.050000000000004,0.0,0.0,-4003.6927674100393,0.0,0.0,100.39601306527516,0.5832177467465726,0.0,0.0,0.8123158621372912
5.075000000000005,0.0,0.0,-4003.6927674100393,0.0,0.0,99.98375261507685,0.5566843578784658,0.0,0.0,0.8307240972148576
5.100000000000005,0.0,0.0,-4003.6927674100393,0.0,0.0,99.5729265148045,0.5295704118875999,0.0,0.0,0.8482659835530348
5.125000000000005,0.0,0.0,-4003.6927674100393,0.0,0.0,99.16352343998821,0.5019041854701825,0.0,0.0,0.8649232270019765
5.150000000000006,0.0,0.0,-4003.6927674100393,0.0,0.0,98.75553217120536,0.4737145312867545,0.0,0.0,0.8806784559916125
5.175000000000006,0.0,0.0,-4003.6927674100393,0.0,0.0,98.34894159280017,0.44503084787221775,0.0,0.0,0.8955152396481788
5.200000000000006,0.0,0.0,-4003.6927674100393,0.0,0.0,97.9437406916216,0.41588304897657735,0.0,0.0,0.9094181049297105
5.225000000000007,0.0,0.0,-4003.6927674100393,0.0,0.0,97.5399185557793,0.3863015323683749,0.0,0.0,0.9223725527626272
5.250000000000007,0.0,0.0,-4003.6927674100393,0.0,0.0,97.13746437341725,0.3563171481333472,0.0,0.0,0.9343650731625827
5.2750000000000075,0.0,0.0,-4003.6927674100393,0.0,0.0,96.73636743150479,0.3259611665013703,0.0,0.0,0.9453831593238088
5.300000000000008,0.0,0.0,-4003.6927674100393,0.0,0.0,96.33661711464481,0.29526524523524167,0.0,0.0,0.9554153206622619
5.325000000000008,0.0,0.0,-4003.6927674100393,0.0,0.0,95.9382029038987,0.2642613966153109,0.0,0.0,0.9644510947989665
5.3500000000000085,0.0,0.0,-4003.6927674100393,0.0,0.0,95.54111437562796,0.23298195405439023,0.0,0.0,0.9724810584710625
5.375000000000009,0.0,0.0,-4003.6927674100393,0.0,0.0,95.145341200352,0.20145953837775973,0.0,0.0,0.9794968373591719
5.400000000000009,0.0,0.0,-4003.6927674100393,0.0,0.0,94.750873141622,0.16972702380343677,0.0,0.0,0.9854911148208428
5.42500000000001,0.0,0.0,-4003.6927674100393,0.0,0.0,94.35770005491052,0.13781750365818426,0.0,0.0,0.9904576395209572
5.45000000000001,0.0,0.0,-4003.6927674100393,0.0,0.0,93.96581188651662,0.10576425586501555,0.0,0.0,0.9943912319511469
5.47500000000001,0.0,0.0,-4003.6927674100393,0.0,0.0,93.57519867248611,0.07360070823818571,0.0,0.0,0.9972877898314195
5.500000000000011,0.0,0.0,-4003.6927674100393,0.0,0.0,93.18585053754691,0.04136040362186431,0.0,0.0,0.9991442923883599
5.525000000000011,0.0,0.0,-4003.6927674100393,0.0,0.0,92.79775769405911,0.009076964908845169,0.0,0.0,0.9999588035054461
5.550000000000011,0.0,0.0,-4003.6927674100393,0.0,0.0,92.41091044097952,-0.023215940024225393,0.0,0.0,0.999730473742194
5.575000000000012,0.0,0.0,-4003.6927674100393,0.0,0.0,92.02529916284048,-0.05548463342853309,0.0,0.0,0.9984595412200242
5.600000000000012,0.0,0.0,-4003.6927674100393,0.0,0.0,91.64091432874274,-0.08769546280507583,0.0,0.0,0.9961473313739306
5.625000000000012,0.0,0.0,-4003.6927674100393,0.0,0.0,91.2577464913621,-0.11981483600031113,0.0,0.0,0.9927962555702045
5.650000000000013,0.0,0.0,-4003.6927674100393,0.0,0.0,90.8757862859697,-0.15180925623887043,0.0,0.0,0.9884098085916595
5.675000000000013,0.0,0.0,-4003.6927674100393,0.0,0.0,90.49502442946557,-0.18364535705680485,0.0,0.0,0.9829925649929803
5.7000000000000135,0.0,0.0,-4003.6927674100393,0.0,0.0,90.11545171942548,-0.21528993709893152,0.0,0.0,0.9765501743299922
5.725000000000014,0.0,0.0,-4003.6927674100393,0.0,0.0,89.73705903316056,-0.2467099947439902,0.0,0.0,0.969089355267831
5.750000000000014,0.0,0.0,-4003.6927674100393,0.0,0.0,89.35983732678982,-0.277872762521501,0.0,0.0,0.960617888574156
5.775000000000015,0.0,0.0,-4003.6927674100393,0.0,0.0,88.98377763432505,-0.30874574128443044,0.0,0.0,0.9511446090047126
5.800000000000015,0.0,0.0,-4003.6927674100393,0.0,0.0,88.60887106676817,-0.33929673410202577,0.0,0.0,0.9406793960897089
5.825000000000015,0.0,0.0,-4003.6927674100393,0.0,0.0,88.23510881122064,-0.36949387983747467,0.0,0.0,0.9292331638306125
5.850000000000016,0.0,0.0,-4003.6927674100393,0.0,0.0,87.86248213000482,-0.39930568637537006,0.0,0.0,0.9168178493181155
5.875000000000016,0.0,0.0,-4003.6927674100393,0.0,0.0,87.49098235979712,-0.42870106346432796,0.0,0.0,0.9034464002831347
5.900000000000016,0.0,0.0,-4003.6927674100393,0.0,0.0,87.12060091077265,-0.4576493551405089,0.0,0.0,0.8891327615938333
5.925000000000017,0.0,0.0,-4003.6927674100393,0.0,0.0,86.75132926576137,-0.4861203716982268,0.0,0.0,0.8738918607127416
5.950000000000017,0.0,0.0,-4003.6927674100393,0.0,0.0,86.38315897941528,-0.5140844211743061,0.0,0.0,0.857739592129149
5.975000000000017,0.0,0.0,-4003.6927674100393,0.0,0.0,86.01608167738682,-0.5415123403133492,0.0,0.0,0.8406928007829968
6.000000000000018,0.0,0.0,-4003.6927674100393,0.0,0.0,85.65008905551794,-0.568375524981625,0.0,0.0,0.8227692644975639
6.025000000000018,0.0,0.0,-4003.6927674100393,0.0,0.0,85.28517287904,-0.5946459599978584,0.0,0.0,0.8039876754392603
6.0500000000000185,0.0,0.0,-4003.6927674100393,0.0,0.0,84.92132498178418,-0.6202962483498091,0.0,0.0,0.7843676206238703
6.075000000000019,0.0,0.0,-4003.6927674100393,0.0,0.0,84.55853726540212,-0.6452996397661739,0.0,0.0,0.7639295614895696
6.100000000000019,0.0,0.0,-4003.6927674100393,0.0,0.0,84.19680169859693,-0.669630058614012,0.0,0.0,0.7426948125580216
6.1250000000000195,0.0,0.0,-4003.6927674100393,0.0,0.0,83.83611031636406,-0.6932621310926017,0.0,0.0,0.7206855192058076
6.15000000000002,0.0,0.0,-4003.6927674100393,0.0,0.0,83.4764552192422,-0.7161712116953666,0.0,0.0,0.6979246345693714
6.17500000000002,0.0,0.0,-4003.6927674100393,0.0,0.0,83.11782857257383,-0.7383334089122763,0.0,0.0,0.6744358956075642
6.200000000000021,0.0,0.0,-4003.6927674100393,0.0,0.0,82.7602226057754,-0.7597256101459176,0.0,0.0,0.6502437983467534
6.225000000000021,0.0,0.0,-4003.6927674100393,0.0,0.0,82.40362961161684,-0.7803255058152465,0.0,0.0,0.6253735723343127
6.250000000000021,0.0,0.0,-4003.6927674100393,0.0,0.0,82.04804194551049,-0.800111612621892,0.0,0.0,0.5998511543271344
6.275000000000022,0.0,0.0,-4003.6927674100393,0.0,0.0,81.6934520248091,-0.8190632959547396,0.0,0.0,0.5737031612426052
6.300000000000022,0.0,0.0,-4003.6927674100393,0.0,0.0,81.33985232811283,-0.8371607914094346,0.0,0.0,0.546956862400253
6.325000000000022,0.0,0.0,-4003.6927674100393,0.0,0.0,80.98723539458513,-0.8543852254003594,0.0,0.0,0.5196401510830134
6.350000000000023,0.0,0.0,-4003.6927674100393,0.0,0.0,80.63559382327738,-0.8707186348435916,0.0,0.0,0.49178151544777704
6.375000000000023,0.0,0.0,-4003.6927674100393,0.0,0.0,80.28492027246209,-0.8861439858903135,0.0,0.0,0.4634100088155498
6.4000000000000234,0.0,0.0,-4003.6927674100393,0.0,0.0,79.9352074589746,-0.9006451916911381,0.0,0.0,0.4345552193722139
6.425000000000024,0.0,0.0,-4003.6927674100393,0.0,0.0,79.58644815756311,-0.9142071291728248,0.0,0.0,0.40524723931148754
6.450000000000024,0.0,0.0,-4003.6927674100393,0.0,0.0,79.23863520024692,-0.9268156548098874,0.0,0.0,0.3755166334522613
6.4750000000000245,0.0,0.0,-4003.6927674100393,0.0,0.0,78.89176147568274,-0.9384576193746483,0.0,0.0,0.3453944073630432
6.500000000000025,0.0,0.0,-4003.6927674100393,0.0,0.0,78.54581992853906,-0.9491208816503566,0.0,0.0,0.31491197502675194
6.525000000000025,0.0,0.0,-4003.6927674100393,0.0,0.0,78.20080355887823,-0.9587943210930662,0.0,0.0,0.28410112607958166
6.550000000000026,0.0,0.0,-4003.6927674100393,0.0,0.0,77.85670542154641,-0.9674678494290709,0.0,0.0,0.25299399265810346
6.575000000000026,0.0,0.0,-4003.6927674100393,0.0,0.0,77.51351862557102,-0.9751324211758032,0.0,0.0,0.22162301588918037
6.600000000000026,0.0,0.0,-4003.6927674100393,0.0,0.0,77.17123633356583,-0.981780043075221,0.0,0.0,0.19002091205763944
6.625000000000027,0.0,0.0,-4003.6927674100393,0.0,0.0,76.82985176114326,-0.9874037824298478,0.0,0.0,0.15822063848698686
6.650000000000027,0.0,0.0,-4003.6927674100393,0.0,0.0,76.48935817633416,-0.9919977743327705,0.0,0.0,0.12625535916874847
6.675000000000027,0.0,0.0,-4003.6927674100393,0.0,0.0,76.1497488990146,-0.9955572277840566,0.0,0.0,0.09415841017627807
6.700000000000028,0.0,0.0,-4003.6927674100393,0.0,0.0,75.81101730033981,-0.9980784306872098,0.0,0.0,0.061963264899105426
6.725000000000028,0.0,0.0,-4003.6927674100393,0.0,0.0,75.47315680218509,-0.9995587537204563,0.0,0.0,0.029703499134079166
6.750000000000028,0.0,0.0,-4003.6927674100393,0.0,0.0,75.13616087659351,-0.9999966530788216,0.0,0.0,-0.002587243930289344
6.775000000000029,0.0,0.0,-4003.6927674100393,0.0,0.0,74.80002304523047,-0.99939167208414,0.0,0.0,-0.03487528879976377
6.800000000000029,0.0,0.0,-4003.6927674100393,0.0,0.0,74.46473687884483,-0.9977444416613162,0.0,0.0,-0.06712696279401163
6.8250000000000295,0.0,0.0,-4003.6927674100393,0.0,0.0,74.13029599673663,-0.9950566796803447,0.0,0.0,-0.0993086311632986
6.85000000000003,0.0,0.0,-4003.6927674100393,0.0,0.0,73.79669406623131,-0.9913311891647706,0.0,0.0,-0.13138673216562555
6.87500000000003,0.0,0.0,-4003.6927674100393,0.0,0.0,73.46392480216026,-0.9865718553684618,0.0,0.0,-0.1633278120677271
6.9000000000000306,0.0,0.0,-4003.6927674100393,0.0,0.0,73.13198196634765,-0.9807836417237403,0.0,0.0,-0.19509856003342943
6.925000000000031,0.0,0.0,-4003.6927674100393,0.0,0.0,72.80085936710348,-0.973972584665099,0.0,0.0,-0.2266658428629833
6.950000000000031,0.0,0.0,-4003.6927674100393,0.0,0.0,72.47055085872269,-0.9661457873339011,0.0,0.0,-0.2579967395471427
6.975000000000032,0.0,0.0,-4003.6927674100393,0.0,0.0,72.14105034099029,-0.9573114121706301,0.0,0.0,-0.2890585755999534
7.000000000000032,0.0,0.0,-4003.6927674100393,0.0,0.0,71.81235175869243,-0.9474786724024109,0.0,0.0,-0.31981895713444675
7.025000000000032,0.0,0.0,-4003.6927674100393,0.0,0.0,71.48444910113328,-0.936657822434685,0.0,0.0,-0.3502458046457004
7.050000000000033,0.0,0.0,-4003.6927674100393,0.0,0.0,71.15733640165766,-0.9248601471570569,0.0,0.0,-0.38030738646603646
7.075000000000033,0.0,0.0,-4003.6927674100393,0.0,0.0,70.83100773717936,-0.9120979501744643,0.0,0.0,-0.4099723518574645
7.100000000000033,0.0,0.0,-4003.6927674100393,0.0,0.0,70.50545722771504,-0.8983845409759477,0.0,0.0,-0.43920976370686005
7.125000000000034,0.0,0.0,-4003.6927674100393,0.0,0.0,70.18067903592362,-0.8837342210543999,0.0,0.0,-0.46798913078977933
7.150000000000034,0.0,0.0,-4003.6927674100393,0.0,0.0,69.85666736665111,-0.8681622689917688,0.0,0.0,-0.49628043956926565
7.1750000000000345,0.0,0.0,-4003.6927674100393,0.0,0.0,69.5334164664808,-0.8516849245252724,0.0,0.0,-0.5240541854964816
7.200000000000035,0.0,0.0,-4003.6927674100393,0.0,0.0,69.21092062328869,-0.8343193716112387,0.0,0.0,-0.5512814037805264
7.225000000000035,0.0,0.0,-4003.6927674100393,0.0,0.0,68.88917416580415,-0.8160837205042348,0.0,0.0,-0.5779336995953479
7.2500000000000355,0.0,0.0,-4003.6927674100393,0.0,0.0,68.5681714631757,-0.7969969888701761,0.0,0.0,-0.6039832776922489
7.275000000000036,0.0,0.0,-4003.6927674100393,0.0,0.0,68.24790692454182,-0.7770790819531089,0.0,0.0,-0.6294029713871023
7.300000000000036,0.0,0.0,-4003.6927674100393,0.0,0.0,67.92837499860677,-0.7563507718163531,0.0,0.0,-0.6541662708920469
7.325000000000037,0.0,0.0,-4003.6927674100393,0.0,0.0,67.60957017322127,-0.7348336756796535,0.0,0.0,-0.6782473509621175
7.350000000000037,0.0,0.0,-4003.6927674100393,0.0,0.0,67.2914869749681,-0.7125502333749302,0.0,0.0,-0.7016210978279749
7.375000000000037,0.0,0.0,-4003.6927674100393,0.0,0.0,66.97411996875236,-0.6895236839441399,0.0,0.0,-0.7242631353866508
7.400000000000038,0.0,0.0,-4003.6927674100393,0.0,0.0,66.65746375739654,-0.6657780414036555,0.0,0.0,-0.7461498506229913
7.425000000000038,0.0,0.0,-4003.6927674100393,0.0,0.0,66.34151298124016,-0.6413380697004364,0.0,0.0,-0.7672584182352894
7.450000000000038,0.0,0.0,-4003.6927674100393,0.0,0.0,66.02626231774401,-0.6162292568861067,0.0,0.0,-0.7875668244394228
7.475000000000039,0.0,0.0,-4003.6927674100393,0.0,0.0,65.7117064810989,-0.5904777885358806,0.0,0.0,-0.807053889926674
7.500000000000039,0.0,0.0,-4003.6927674100393,0.0,0.0,65.39784022183882,-0.5641105204400463,0.0,0.0,-0.825699291951289
7.525000000000039,0.0,0.0,-4003.6927674100393,0.0,0.0,65.08465832645852,-0.5371549505964982,0.0,0.0,-0.8434835855247412
7.55000000000004,0.0,0.0,-4003.6927674100393,0.0,0.0,64.77215561703542,-0.5096391905335188,0.0,0.0,-0.8603882236945946
7.57500000000004,0.0,0.0,-4003.6927674100393,0.0,0.0,64.46032695085572,-0.48159193599271904,0.0,0.0,-0.8763955768868217
7.6000000000000405,0.0,0.0,-4003.6927674100393,0.0,0.0,64.14916722004475,-0.45304243700271385,0.0,0.0,-0.891488951291401
7.625000000000041,0.0,0.0,-4003.6927674100393,0.0,0.0,63.83867135120149,-0.4240204673747401,0.0,0.0,-0.9056526062720225
7.650000000000041,0.0,0.0,-4003.6927674100393,0.0,0.0,63.52883430503716,-0.39455629365202893,0.0,0.0,-0.9188717707817418
7.675000000000042,0.0,0.0,-4003.6927674100393,0.0,0.0,63.21965107601777,-0.36468064354531815,0.0,0.0,-0.9311326587674673
7.700000000000042,0.0,0.0,-4003.6927674100393,0.0,0.0,62.91111669201075,-0.3344246738874177,0.0,0.0,-0.9424224835472117
7.725000000000042,0.0,0.0,-4003.6927674100393,0.0,0.0,62.60322621393541,-0.30381993814025327,0.0,0.0,-0.9527294711451162
7.750000000000043,0.0,0.0,-4003.6927674100393,0.0,0.0,62.29597473541732,-0.27289835348827013,0.0,0.0,-0.9620428725703399
7.775000000000043,0.0,0.0,-4003.6927674100393,0.0,0.0,61.989357382446464,-0.24169216755251713,0.0,0.0,-0.9703529750270085
7.800000000000043,0.0,0.0,-4003.6927674100393,0.0,0.0,61.68336931303919,-0.2102339247601237,0.0,0.0,-0.977651112043532
7.825000000000044,0.0,0.0,-4003.6927674100393,0.0,0.0,61.37800571690381,-0.17855643240424304,0.0,0.0,-0.9839296725107283
7.850000000000044,0.0,0.0,-4003.6927674100393,0.0,0.0,61.073261815109916,-0.14669272642985542,0.0,0.0,-0.9891821086193257
7.875000000000044,0.0,0.0,-4003.6927674100393,0.0,0.0,60.76913285976126,-0.11467603698111563,0.0,0.0,-0.9934029426885677
7.900000000000045,0.0,0.0,-4003.6927674100393,0.0,0.0,60.46561413367219,-0.08253975374617194,0.0,0.0,-0.9965877728787972
7.925000000000045,0.0,0.0,-4003.6927674100393,0.0,0.0,60.16270095004762,-0.05031739113560013,0.0,0.0,-0.9987332777820648
7.9500000000000455,0.0,0.0,-4003.6927674100393,0.0,0.0,59.86038865216645,-0.018042553330766098,0.0,0.0,-0.9998372198859705
7.975000000000046,0.0,0.0,-4003.6927674100393,0.0,0.0,59.55867261306835,0.014251100761432031,0.0,0.0,-0.99989844790713
8.000000000000046,0.0,0.0,-4003.6927674100393,0.0,0.0,59.257548235244,0.04652989261089402,0.0,0.0,-0.9989168979918294
8.025000000000047,0.0,0.0,-4003.6927674100393,0.0,0.0,58.957010950328566,0.07876015918711243,0.0,0.0,-0.9968935937826167
8.050000000000047,0.0,0.0,-4003.6927674100393,0.0,0.0,58.65705621879847,0.11090828806580337,0.0,0.0,-0.9938306453507623
8.075000000000047,0.0,0.0,-4003.6927674100393,0.0,0.0,58.35767952967144,0.14294075248276053,0.0,0.0,-0.9897312469956996
8.100000000000048,0.0,0.0,-4003.6927674100393,0.0,0.0,58.058876400209655,0.17482414629837612,0.0,0.0,-0.9845996739137405
8.125000000000048,0.0,0.0,-4003.6927674100393,0.0,0.0,57.76064237562615,0.2065252188363639,0.0,0.0,-0.9784412777395443
8.150000000000048,0.0,0.0,-4003.6927674100393,0.0,0.0,57.46297302879418,0.2380109095603525,0.0,0.0,-0.9712624809649828
8.175000000000049,0.0,0.0,-4003.6927674100393,0.0,0.0,57.16586395995977,0.26924838255218464,0.0,0.0,-0.9630707702412281
8.200000000000049,0.0,0.0,-4003.6927674100393,0.0,0.0,56.869310796457206,0.30020506075596537,0.0,0.0,-0.9538746885710445
8.22500000000005,0.0,0.0,-4003.6927674100393,0.0,0.0,56.57330919242751,0.3308486599521475,0.0,0.0,-0.9436838263994293
8.25000000000005,0.0,0.0,-4003.6927674100393,0.0,0.0,56.27785482853988,0.36114722242622305,0.0,0.0,-0.9325088116118926
8.27500000000005,0.0,0.0,-4003.6927674100393,0.0,0.0,55.98294341171601,0.3910691502969065,0.0,0.0,-0.920361298450807
8.30000000000005,0.0,0.0,-4003.6927674100393,0.0,0.0,55.688570674857246,0.42058323846905504,0.0,0.0,-0.9072539553613872
8.32500000000005,0.0,0.0,-4003.6927674100393,0.0,0.0,55.394732376574616,0.44965870717695877,0.0,0.0,-0.893200451779972
8.350000000000051,0.0,0.0,-4003.6927674100393,0.0,0.0,55.10142430092156,0.4782652340840594,0.0,0.0,-0.8782154438783913
8.375000000000052,0.0,0.0,-4003.6927674100393,0.0,0.0,54.80864225712947,0.5063729859056275,0.0,0.0,-0.8623145592792801
8.400000000000052,0.0,0.0,-4003.6927674100393,0.0,0.0,54.51638207934593,0.5339526495214114,0.0,0.0,-0.8455143807582842
8.425000000000052,0.0,0.0,-4003.6927674100393,0.0,0.0,54.22463962637558,0.5609754625458166,0.0,0.0,-0.8278324289501511
8.450000000000053,0.0,0.0,-4003.6927674100393,0.0,0.0,53.933410781423646,0.5874132433237348,0.0,0.0,-0.8092871440767428
8.475000000000053,0.0,0.0,-4003.6927674100393,0.0,0.0,53.64269145184211,0.6132384203207342,0.0,0.0,-0.7898978667160271
8.500000000000053,0.0,0.0,-4003.6927674100393,0.0,0.0,53.35247756887835,0.6384240608769695,0.0,0.0,-0.7696848176321003
8.525000000000054,0.0,0.0,-4003.6927674100393,0.0,0.0,53.06276508742638,0.6629438992948166,0.0,0.0,-0.74866907668728
8.550000000000054,0.0,0.0,-4003.6927674100393,0.0,0.0,52.77354998578058,0.6867723642309437,0.0,0.0,-0.7268725608582566
8.575000000000054,0.0,0.0,-4003.6927674100393,0.0,0.0,52.48482826539189,0.7098846053642545,0.0,0.0,-0.7043180013792328
8.600000000000055,0.0,0.0,-4003.6927674100393,0.0,0.0,52.19659595062637,0.7322565193118833,0.0,0.0,-0.6810289200358862
8.625000000000055,0.0,0.0,-4003.6927674100393,0.0,0.0,51.908849088526246,0.7538647747662264,0.0,0.0,-0.6570296046348801
8.650000000000055,0.0,0.0,-4003.6927674100393,0.0,0.0,51.62158374857329,0.7746868368267841,0.0,0.0,-0.6323450836745008
8.675000000000056,0.0,0.0,-4003.6927674100393,0.0,0.0,51.33479602245453,0.7947009905014454,0.0,0.0,-0.6070011002428428
8.700000000000056,0.0,0.0,-4003.6927674100393,0.0,0.0,51.04848202383024,0.8138863633527016,0.0,0.0,-0.5810240851707563
8.725000000000056,0.0,0.0,-4003.6927674100393,0.0,0.0,50.76263788810424,0.8322229472651744,0.0,0.0,-0.5544411294675627
8.750000000000057,0.0,0.0,-4003.6927674100393,0.0,0.0,50.477259772196426,0.849691619311757,0.0,0.0,-0.5272799560682772
8.775000000000057,0.0,0.0,-4003.6927674100393,0.0,0.0,50.19234385431752,0.8662741616966045,0.0,0.0,-0.499568890921808
8.800000000000058,0.0,0.0,-4003.6927674100393,0.0,0.0,49.90788633374598,0.8819532807541793,0.0,0.0,-0.4713368334502827
8.825000000000058,0.0,0.0,-4003.6927674100393,0.0,0.0,49.623883430607066,0.8967126249845366,0.0,0.0,-0.44261322641030704
8.850000000000058,0.0,0.0,-4003.6927674100393,0.0,0.0,49.340331385654096,0.9105368021060376,0.0,0.0,-0.41342802518759003
8.875000000000059,0.0,0.0,-4003.6927674100393,0.0,0.0,49.057226460051695,0.9234113951077126,0.0,0.0,-0.38381166655695603
8.900000000000059,0.0,0.0,-4003.6927674100393,0.0,0.0,48.774564935161195,0.9353229772845286,0.0,0.0,-0.3537950369403238
8.92500000000006,0.0,0.0,-4003.6927674100393,0.0,0.0,48.492343112328044,0.946259126239883,0.0,0.0,-0.3234094401957571
8.95000000000006,0.0,0.0,-4003.6927674100393,0.0,0.0,48.210557312671234,0.9562084368407201,0.0,0.0,-0.2926865649711759
8.97500000000006,0.0,0.0,-4003.6927674100393,0.0,0.0,47.92920387687473,0.9651605331117605,0.0,0.0,-0.26165845165677754
9.00000000000006,0.0,0.0,-4003.6927674100393,0.0,0.0,47.648279164980835,0.9731060790564375,0.0,0.0,-0.23035745897063187
9.02500000000006,0.0,0.0,-4003.6927674100393,0.0,0.0,47.36777955618553,0.9800367883932578,0.0,0.0,-0.1988162302122966
9.050000000000061,0.0,0.0,-4003.6927674100393,0.0,0.0,47.08770144863569,0.9859454331974298,0.0,0.0,-0.16706765921964797
9.075000000000061,0.0,0.0,-4003.6927674100393,0.0,0.0,46.8080412592282,0.9908258514387506,0.0,0.0,-0.1351448560644283
9.100000000000062,0.0,0.0,-4003.6927674100393,0.0,0.0,46.52879542341092,0.9946729534078865,0.0,0.0,-0.10308111252228727
9.125000000000062,0.0,0.0,-4003.6927674100393,0.0,0.0,46.249960394985514,0.9974827270243498,0.0,0.0,-0.07090986735332704
9.150000000000063,0.0,0.0,-4003.6927674100393,0.0,0.0,45.97153264591207,0.9992522420206319,0.0,0.0,-0.038664671429359504
9.175000000000063,0.0,0.0,-4003.6927674100393,0.0,0.0,45.693508666115505,0.9999796529981326,0.0,0.0,-0.006379152744244172
9.200000000000063,0.0,0.0,-4003.6927674100393,0.0,0.0,45.415884963293735,0.9996642013516955,0.0,0.0,0.02591301865620333
9.225000000000064,0.0,0.0,-4003.6927674100393,0.0,0.0,45.138658062727586,0.9983062160607463,0.0,0.0,0.05817816578815806
9.250000000000064,0.0,0.0,-4003.6927674100393,0.0,0.0,44.86182450709246,0.9959071133462046,0.0,0.0,0.09038263985096799
9.275000000000064,0.0,0.0,-4003.6927674100393,0.0,0.0,44.58538085627161,0.9924693951935304,0.0,0.0,0.12249285531894477
9.300000000000065,0.0,0.0,-4003.6927674100393,0.0,0.0,44.3093236871712,0.9879966467434435,0.0,0.0,0.15447532496716562
9.325000000000065,0.0,0.0,-4003.6927674100393,0.0,0.0,44.03364959353689,0.9824935325530384,0.0,0.0,0.18629669479475922
9.350000000000065,0.0,0.0,-4003.6927674100393,0.0,0.0,43.758355185772174,0.9759657917311934,0.0,0.0,0.21792377880925443
9.375000000000066,0.0,0.0,-4003.6927674100393,0.0,0.0,43.48343709075822,0.968420231953346,0.0,0.0,0.24932359363571566
9.400000000000066,0.0,0.0,-4003.6927674100393,0.0,0.0,43.208891951675376,0.9598647223618788,0.0,0.0,0.28046339291457145
9.425000000000066,0.0,0.0,-4003.6927674100393,0.0,0.0,42.934716427826174,0.9503081853595176,0.0,0.0,0.3113107014522643
9.450000000000067,0.0,0.0,-4003.6927674100393,0.0,0.0,42.66090719445993,0.9397605873043017,0.0,0.0,0.3418333490891049
9.475000000000067,0.0,0.0,-4003.6927674100393,0.0,0.0,42.38746094259884,0.928232928115831,0.0,0.0,0.3719995042490119
9.500000000000068,0.0,0.0,-4003.6927674100393,0.0,0.0,42.114374378865584,0.9157372298036263,0.0,0.0,0.4017777071361487
9.525000000000068,0.0,0.0,-4003.6927674100393,0.0,0.0,41.8416442253124,0.9022865239295703,0.0,0.0,0.4311369025438358
9.550000000000068,0.0,0.0,-4003.6927674100393,0.0,0.0,41.569267219251664,0.8878948380175032,0.0,0.0,0.4600464722415246
9.575000000000069,0.0,0.0,-4003.6927674100393,0.0,0.0,41.29724011308785,0.8725771809241429,0.0,0.0,0.48847626690605495
9.600000000000069,0.0,0.0,-4003.6927674100393,0.0,0.0,41.02555967415098,0.8563495271865927,0.0,0.0,0.5163966375638972
9.62500000000007,0.0,0.0,-4003.6927674100393,0.0,0.0,40.75422268453142,0.8392288003627534,0.0,0.0,0.5437784665115878
9.65000000000007,0.0,0.0,-4003.6927674100393,0.0,0.0,40.4832259409161,0.8212328553820181,0.0,0.0,0.5705931976821118
9.67500000000007,0.0,0.0,-4003.6927674100393,0.0,0.0,40.2125662544261,0.8023804599246558,0.0,0.0,0.5968128664255637
9.70000000000007,0.0,0.0,-4003.6927674100393,0.0,0.0,39.942240450455564,0.7826912748493005,0.0,0.0,0.6224101286730293
9.72500000000007,0.0,0.0,-4003.6927674100393,0.0,0.0,39.67224536851197,0.7621858336889585,0.0,0.0,0.6473582894532727
9.750000000000071,0.0,0.0,-4003.6927674100393,0.0,0.0,39.40257786205769,0.7408855212369201,0.0,0.0,0.6716313307324913
9.775000000000071,0.0,0.0,-4003.6927674100393,0.0,0.0,39.13323479835286,0.7188125512449028,0.0,0.0,0.6952039385481025
9.800000000000072,0.0,0.0,-4003.6927674100393,0.0,0.0,38.86421305829954,0.6959899432566893,0.0,0.0,0.7180515294082663
9.825000000000072,0.0,0.0,-4003.6927674100393,0.0,0.0,38.5955095362871,0.6724414986014168,0.0,0.0,0.740150275929612
9.850000000000072,0.0,0.0,-4003.6927674100393,0.0,0.0,38.3271211400389,0.6481917755715557,0.0,0.0,0.7614771316864307
9.875000000000073,0.0,0.0,-4003.6927674100393,0.0,0.0,38.05904479046011,0.6232660638114634,0.0,0.0,0.7820098552454213
9.900000000000073,0.0,0.0,-4003.6927674100393,0.0,0.0,37.791277421486896,0.5976903579432223,0.0,0.0,0.8017270333609205
9.925000000000074,0.0,0.0,-4003.6927674100393,0.0,0.0,37.5238159799366,0.571491330457268,0.0,0.0,0.8206081033064333
9.950000000000074,0.0,0.0,-4003.6927674100393,0.0,0.0,37.25665742535927,0.544696303896081,0.0,0.0,0.8386333743191646
9.975000000000074,0.0,0.0,-4003.6927674100393,0.0,0.0,36.98979872989026,0.5173332223599484,0.0,0.0,0.8557840481352011
10.000000000000075,0.0,0.0,-4003.6927674100393,0.0,0.0,36.72323687810399,0.4894306223645124,0.0,0.0,0.8720422385939146
10.025000000000075,0.0,0.0,-4003.6927674100393,0.0,0.0,36.45696886686886,0.46101760308049966,0.0,0.0,0.8873909902911516
10.050000000000075,0.0,0.0,-4003.6927674100393,0.0,0.0,36.19099170520326,0.43212379598666645,0.0,0.0,0.9018142962617491
10.075000000000076,0.0,0.0,-4003.6927674100393,0.0,0.0,35.92530241413267,0.40277933396760807,0.0,0.0,0.9152971146729406
10.100000000000076,0.0,0.0,-4003.6927674100393,0.0,0.0,35.65989802654789,0.37301481988866025,0.0,0.0,0.92782538451124
10.125000000000076,0.0,0.0,-4003.6927674100393,0.0,0.0,35.39477558706427,0.34286129468066573,0.0,0.0,0.9393860402464461
10.150000000000077,0.0,0.0,-4003.6927674100393,0.0,0.0,35.12993215188204,0.3123502049678882,0.0,0.0,0.9499670254574726
10.175000000000077,0.0,0.0,-4003.6927674100393,0.0,0.0,34.86536478864768,0.28151337027283657,0.0,0.0,0.9595573054057943
10.200000000000077,0.0,0.0,-4003.6927674100393,0.0,0.0,34.60107057631632,0.25038294983219894,0.0,0.0,0.9681468785433988
10.225000000000078,0.0,0.0,-4003.6927674100393,0.0,0.0,34.33704660501509,0.21899140905849426,0.0,0.0,0.9757267869432382
10.250000000000078,0.0,0.0,-4003.6927674100393,0.0,0.0,34.07328997590757,0.18737148568241785,0.0,0.0,0.982289125641307
10.275000000000079,0.0,0.0,-4003.6927674100393,0.0,0.0,33.809797801059126,0.15555615561119107,0.0,0.0,0.9878270508806017
10.300000000000079,0.0,0.0,-4003.6927674100393,0.0,0.0,33.546567203303276,0.1235785985385209,0.0,0.0,0.9923347872483635
10.32500000000008,0.0,0.0,-4003.6927674100393,0.0,0.0,33.28359531610897,0.0914721633420329,0.0,0.0,0.995807633699164
10.35000000000008,0.0,0.0,-4003.6927674100393,0.0,0.0,33.02087928344886,0.059270333304265774,0.0,0.0,0.9982419684575484
10.37500000000008,0.0,0.0,-4003.6927674100393,0.0,0.0,32.75841625966846,0.02700669119349695,0.0,0.0,0.999635252795128
10.40000000000008,0.0,0.0,-4003.6927674100393,0.0,0.0,32.49620340935621,-0.005285115759183912,0.0,0.0,0.9999860336781768
10.42500000000008,0.0,0.0,-4003.6927674100393,0.0,0.0,32.2342379072145,-0.037571410950028486,0.0,0.0,0.9992939452829803
10.450000000000081,0.0,0.0,-4003.6927674100393,0.0,0.0,31.972516937931513,-0.0698185235234159,0.0,0.0,0.9975597093773436
10.475000000000081,0.0,0.0,-4003.6927674100393,0.0,0.0,31.711037696054003,-0.10199282348664393,0.0,0.0,0.9947851345678737
10.500000000000082,0.0,0.0,-4003.6927674100393,0.0,0.0,31.449797385860897,-0.13406075678210505,0.0,0.0,0.9909731144138115
10.525000000000082,0.0,0.0,-4003.6927674100393,0.0,0.0,31.188793221237763,-0.1659888802802711,0.0,0.0,0.9861276244093874
10.550000000000082,0.0,0.0,-4003.6927674100393,0.0,0.0,30.92802242555212,-0.19774389665699266,0.0,0.0,0.9802537178378407
10.575000000000083,0.0,0.0,-4003.6927674100393,0.0,0.0,30.667482231529554,-0.2292926891187406,0.0,0.0,0.9733575205014324
10.600000000000083,0.0,0.0,-4003.6927674100393,0.0,0.0,30.407169881130688,-0.26060235593957454,0.0,0.0,0.9654462243329471
10.625000000000083,0.0,0.0,-4003.6927674100393,0.0,0.0,30.147082625428908,-0.2916402447738219,0.0,0.0,0.9565280798953397
10.650000000000084,0.0,0.0,-4003.6927674100393,0.0,0.0,29.8872177244889,-0.3223739867086809,0.0,0.0,0.946612387777358
10.675000000000084,0.0,0.0,-4003.6927674100393,0.0,0.0,29.627572447245967,-0.35277153002123773,0.0,0.0,0.9357094888941091
10.700000000000085,0.0,0.0,-4003.6927674100393,0.0,0.0,29.368144071386123,-0.38280117360468946,0.0,0.0,0.9238307537026857
10.725000000000085,0.0,0.0,-4003.6927674100393,0.0,0.0,29.108929883226903,-0.41243160002891743,0.0,0.0,0.9109885703441
10.750000000000085,0.0,0.0,-4003.6927674100393,0.0,0.0,28.849927177598957,-0.4416319082009275,0.0,0.0,0.8971963317238917
10.775000000000086,0.0,0.0,-4003.6927674100393,0.0,0.0,28.59113325772835,-0.4703716455911022,0.0,0.0,0.8824684215448838
10.800000000000086,0.0,0.0,-4003.6927674100393,0.0,0.0,28.33254543511961,-0.49862083999165063,0.0,0.0,0.8668201993066503
10.825000000000086,0.0,0.0,-4003.6927674100393,0.0,0.0,28.07416102943944,-0.5263500307741408,0.0,0.0,0.8502679842873428
10.850000000000087,0.0,0.0,-4003.6927674100393,0.0,0.0,27.815977368401185,-0.5535302996135122,0.0,0.0,0.8328290385245793
10.875000000000087,0.0,0.0,-4003.6927674100393,0.0,0.0,27.557991787649932,-0.5801333006465308,0.0,0.0,0.8145215488131434
10.900000000000087,0.0,0.0,-4003.6927674100393,0.0,0.0,27.300201630648324,-0.6061312900332302,0.0,0.0,0.7953646077382701
10.925000000000088,0.0,0.0,-4003.6927674100393,0.0,0.0,27.04260424856303,-0.6314971548905159,0.0,0.0,0.7753781937642971
10.950000000000088,0.0,0.0,-4003.6927674100393,0.0,0.0,26.78519700015186,-0.6562044415677522,0.0,0.0,0.7545831503994471
10.975000000000088,0.0,0.0,-4003.6927674100393,0.0,0.0,26.527977251651535,-0.6802273832348461,0.0,0.0,0.7330011644584704
11.000000000000089,0.0,0.0,-4003.6927674100393,0.0,0.0,26.27094237666609,-0.7035409267540604,0.0,0.0,0.7106547434458155
11.02500000000009,0.0,0.0,-4003.6927674100393,0.0,0.0,26.014089756055892,-0.7261207588075238,0.0,0.0,0.6875671920829163
11.05000000000009,0.0,0.0,-4003.6927674100393,0.0,0.0,25.75741677782729,-0.747943331253199,0.0,0.0,0.6637625880040751
11.07500000000009,0.0,0.0,-4003.6927674100393,0.0,0.0,25.50092083702285,-0.7689858856828587,0.0,0.0,0.6392657566462865
11.10000000000009,0.0,0.0,-4003.6927674100393,0.0,0.0,25.244599335612186,-0.7892264771564627,0.0,0.0,0.6141022453591907
11.12500000000009,0.0,0.0,-4003.6927674100393,0.0,0.0,24.988449682383386,-0.8086439970881799,0.0,0.0,0.5882982967621544
11.150000000000091,0.0,0.0,-4003.6927674100393,0.0,0.0,24.732469292835003,-0.8272181952601928,0.0,0.0,0.5618808213762679
11.175000000000091,0.0,0.0,-4003.6927674100393,0.0,0.0,24.4766555890686,-0.8449297009413221,0.0,0.0,0.5348773695597975
11.200000000000092,0.0,0.0,-4003.6927674100393,0.0,0.0,24.22100599968187,-0.8617600430884487,0.0,0.0,0.5073161027763607
11.225000000000092,0.0,0.0,-4003.6927674100393,0.0,0.0,23.965517959662293,-0.8776916696096669,0.0,0.0,0.4792257642257929
11.250000000000092,0.0,0.0,-4003.6927674100393,0.0,0.0,23.710188910281303,-0.8927079656690775,0.0,0.0,0.45063564886832597
11.275000000000093,0.0,0.0,-4003.6927674100393,0.0,0.0,23.455016298989023,-0.9067932710141304,0.0,0.0,0.4215755728733507
11.300000000000093,0.0,0.0,-4003.6927674100393,0.0,0.0,23.19999757930948,-0.9199328963074508,0.0,0.0,0.39207584252461264
11.325000000000093,0.0,0.0,-4003.6927674100393,0.0,0.0,22.945130210736338,-0.9321131384461108,0.0,0.0,0.3621672226142803
11.350000000000094,0.0,0.0,-4003.6927674100393,0.0,0.0,22.690411658629145,-0.9433212948523738,0.0,0.0,0.33188090435883905
11.375000000000094,0.0,0.0,-4003.6927674100393,0.0,0.0,22.435839394110033,-0.9535456767210085,0.0,0.0,0.3012484728702769
11.400000000000095,0.0,0.0,-4003.6927674100393,0.0,0.0,22.181410893960926,-0.9627756212093542,0.0,0.0,0.2703018742164801
11.425000000000095,0.0,0.0,-4003.6927674100393,0.0,0.0,21.927123640521202,-0.971001502557428,0.0,0.0,0.23907338210519608
11.450000000000095,0.0,0.0,-4003.6927674100393,0.0,0.0,21.67297512158582,-0.9782147421264732,0.0,0.0,0.20759556422630426
11.475000000000096,0.0,0.0,-4003.6927674100393,0.0,0.0,21.418962830303908,-0.984407817345484,0.0,0.0,0.17590124828749915
11.500000000000096,0.0,0.0,-4003.6927674100393,0.0,0.0,21.16508426507777,-0.9895742695563728,0.0,0.0,0.144023487778804
11.525000000000096,0.0,0.0,-4003.6927674100393,0.0,0.0,20.911336929462355,-0.9937087107496008,0.0,0.0,0.11199552750162028
11.550000000000097,0.0,0.0,-4003.6927674100393,0.0,0.0,20.65771833206513,-0.9968068291832456,0.0,0.0,0.07985076889826116
11.575000000000097,0.0,0.0,-4003.6927674100393,0.0,0.0,20.404225986446377,-0.9988653938796479,0.0,0.0,0.04762273521812726
11.600000000000097,0.0,0.0,-4003.6927674100393,0.0,0.0,20.1508574110199,-0.9998822579949445,0.0,0.0,0.015345036556851205
11.625000000000098,0.0,0.0,-4003.6927674100393,0.0,0.0,19.897610128954124,-0.9998563610579789,0.0,0.0,-0.016948665195127853
11.650000000000098,0.0,0.0,-4003.6927674100393,0.0,0.0,19.6444816680736,-0.998787730076248,0.0,0.0,-0.04922469145800608
11.675000000000098,0.0,0.0,-4003.6927674100393,0.0,0.0,19.391469560760864,-0.9966774795077376,0.0,0.0,-0.08144938208546164
11.700000000000099,0.0,0.0,-4003.6927674100393,0.0,0.0,19.13857134385871,-0.9935278100986709,0.0,0.0,-0.11358913046827739
11.7250000000001,0.0,0.0,-4003.6927674100393,0.0,0.0,18.885784558572787,-0.9893420065883874,0.0,0.0,-0.1456104185821309
11.7500000000001,0.0,0.0,-4003.6927674100393,0.0,0.0,18.63310675037458,-0.9841244342837397,0.0,0.0,-0.17747985194300026
11.7750000000001,0.0,0.0,-4003.6927674100393,0.0,0.0,18.38053546890473,-0.9778805345065869,0.0,0.0,-0.20916419443373202
11.8000000000001,0.0,0.0,-4003.6927674100393,0.0,0.0,18.128068267876696,-0.9706168189191267,0.0,0.0,-0.24063040296545074
11.8250000000001,0.0,0.0,-4003.6927674100393,0.0,0.0,17.875702704980753,-0.9623408627329892,0.0,0.0,-0.2718456619376627
11.850000000000101,0.0,0.0,-4003.6927674100393,0.0,0.0,17.62343634178831,-0.9530612968091705,0.0,0.0,-0.3027774174611149
11.875000000000101,0.0,0.0,-4003.6927674100393,0.0,0.0,17.371266743656545,-0.9427877986570471,0.0,0.0,-0.33339341130772127
11.900000000000102,0.0,0.0,-4003.6927674100393,0.0,0.0,17.119191479633347,-0.9315310823418579,0.0,0.0,-0.36366171455214646
11.925000000000102,0.0,0.0,-4003.6927674100393,0.0,0.0,16.86720812236257,-0.9193028873111792,0.0,0.0,-0.3935507608699666
11.950000000000102,0.0,0.0,-4003.6927674100393,0.0,0.0,16.615314247989552,-0.9061159661520433,0.0,0.0,-0.4230293794576795
11.975000000000103,0.0,0.0,-4003.6927674100393,0.0,0.0,16.363507436066957,-0.8919840712914724,0.0,0.0,-0.4520668275402315
12.000000000000103,0.0,0.0,-4003.6927674100393,0.0,0.0,16.11178526946086,-0.8769219406542951,0.0,0.0,-0.48063282243216066
12.025000000000103,0.0,0.0,-4003.6927674100393,0.0,0.0,15.860145334257114,-0.8609452822932013,0.0,0.0,-0.5086975731189209
12.050000000000104,0.0,0.0,-4003.6927674100393,0.0,0.0,15.608585219667987,-0.8440707580070688,0.0,0.0,-0.5362318113254494
12.075000000000104,0.0,0.0,-4003.6927674100393,0.0,0.0,15.357102517939033,-0.8263159659646424,0.0,0.0,-0.5632068220395772
12.100000000000104,0.0,0.0,-4003.6927674100393,0.0,0.0,15.105694824256227,-0.8076994223516876,0.0,0.0,-0.5895944734584526
12.125000000000105,0.0,0.0,-4003.6927674100393,0.0,0.0,14.854359736653327,-0.7882405420607604,0.0,0.0,-0.615367246326743
12.150000000000105,0.0,0.0,-4003.6927674100393,0.0,0.0,14.603094855919467,-0.7679596184437287,0.0,0.0,-0.6404982626360219
12.175000000000106,0.0,0.0,-4003.6927674100393,0.0,0.0,14.351897785506978,-0.7468778021481636,0.0,0.0,-0.6649613136554099
12.200000000000106,0.0,0.0,-4003.6927674100393,0.0,0.0,14.100766131439421,-0.7250170790596717,0.0,0.0,-0.688730887264236
12.225000000000106,0.0,0.0,-4003.6927674100393,0.0,0.0,13.84969750221983,-0.7024002473731689,0.0,0.0,-0.7117821945582168
12.250000000000107,0.0,0.0,-4003.6927674100393,0.0,0.0,13.598689508739142,-0.6790508938170122,0.0,0.0,-0.7340911957014038
12.275000000000107,0.0,0.0,-4003.6927674100393,0.0,0.0,13.347739764184848,-0.6549933690547817,0.0,0.0,-0.7556346249969402
12.300000000000107,0.0,0.0,-4003.6927674100393,0.0,0.0,13.096845883949799,-0.6302527622903661,0.0,0.0,-0.7763900151504806
12.325000000000108,0.0,0.0,-4003.6927674100393,0.0,0.0,12.846005485541205,-0.6048548751028381,0.0,0.0,-0.796335720700968
12.350000000000108,0.0,0.0,-4003.6927674100393,0.0,0.0,12.595216188489806,-0.5788261945384052,0.0,0.0,-0.8154509405943365
12.375000000000108,0.0,0.0,-4003.6927674100393,0.0,0.0,12.344475614259194,-0.5521938654874953,0.0,0.0,-0.8337157398765949
12.400000000000109,0.0,0.0,-4003.6927674100393,0.0,0.0,12.093781386155307,-0.52498566237579,0.0,0.0,-0.8511110704836665
12.425000000000109,0.0,0.0,-4003.6927674100393,0.0,0.0,11.843131129236056,-0.49722996019872556,0.0,0.0,-0.8676187911063094
12.45000000000011,0.0,0.0,-4003.6927674100393,0.0,0.0,11.592522470221104,-0.4689557049296672,0.0,0.0,-0.8832216861093928
12.47500000000011,0.0,0.0,-4003.6927674100393,0.0,0.0,11.341953037401767,-0.440192383332622,0.0,0.0,-0.8979034834858065
12.50000000000011,0.0,0.0,-4003.6927674100393,0.0,0.0,11.091420460551058,-0.4109699922109685,0.0,0.0,-0.9116488718262731
12.52500000000011,0.0,0.0,-4003.6927674100393,0.0,0.0,10.840922370833836,-0.3813190071242763,0.0,0.0,-0.9244435162873695
12.55000000000011,0.0,0.0,-4003.6927674100393,0.0,0.0,10.590456400717066,-0.35127035060583556,0.0,0.0,-0.9362740735411044
12.575000000000111,0.0,0.0,-4003.6927674100393,0.0,0.0,10.3400201838802,-0.32085535991404857,0.0,0.0,-0.947128205690458
12.600000000000112,0.0,0.0,-4003.6927674100393,0.0,0.0,10.089611355125635,-0.2901057543513078,0.0,0.0,-0.9569945931363764
12.625000000000112,0.0,0.0,-4003.6927674100393,0.0,0.0,9.839227550289275,-0.2590536021844485,0.0,0.0,-0.965862946382799
12.650000000000112,0.0,0.0,-4003.6927674100393,0.0,0.0,9.58886640615117,-0.2277312872012713,0.0,0.0,-0.9737240167674062
12.675000000000113,0.0,0.0,-4003.6927674100393,0.0,0.0,9.338525560346238,-0.1961714749380131,0.0,0.0,-0.9805696061069017
12.700000000000113,0.0,0.0,-4003.6927674100393,0.0,0.0,9.088202651275038,-0.164407078612987,0.0,0.0,-0.986392575246764
12.725000000000113,0.0,0.0,-4003.6927674100393,0.0,0.0,8.837895318014631,-0.1324712248019189,0.0,0.0,-0.991186851506556
12.750000000000114,0.0,0.0,-4003.6927674100393,0.0,0.0,8.587601200229475,-0.10039721889077655,0.0,0.0,-0.994947435013025
12.775000000000114,0.0,0.0,-4003.6927674100393,0.0,0.0,8.337317938082371,-0.06821851034212095,0.0,0.0,-0.9976704039143899
12.800000000000114,0.0,0.0,-4003.6927674100393,0.0,0.0,8.087043172145464,-0.03596865781120215,0.0,0.0,-0.9993529184703773
12.825000000000115,0.0,0.0,-4003.6927674100393,0.0,0.0,7.83677454331125,-0.003681294148179757,0.0,0.0,-0.9999932240137404
12.850000000000115,0.0,0.0,-4003.6927674100393,0.0,0.0,7.586509692703641,0.02860990867703294,0.0,0.0,-0.9995906527801728
12.875000000000115,0.0,0.0,-4003.6927674100393,0.0,0.0,7.3362462615890225,0.06087127469072245,0.0,0.0,-0.99814562460471
12.900000000000116,0.0,0.0,-4003.6927674100393,0.0,0.0,7.085981891287343,0.09306915903550393,0.0,0.0,-0.9956596464838896
12.925000000000116,0.0,0.0,-4003.6927674100393,0.0,0.0,6.835714223083196,0.12516998305799942,0.0,0.0,-0.9921353110041291
12.950000000000117,0.0,0.0,-4003.6927674100393,0.0,0.0,6.585440898136908,0.1571402693274729,0.0,0.0,-0.9875762936379595
12.975000000000117,0.0,0.0,-4003.6927674100393,0.0,0.0,6.335159557395621,0.18894667654890204,0.0,0.0,-0.981987348910934
13.000000000000117,0.0,0.0,-4003.6927674100393,0.0,0.0,6.0848678415043524,0.22055603433407575,0.0,0.0,-0.9753743054432108
13.025000000000118,0.0,0.0,-4003.6927674100393,0.0,0.0,5.834563390717042,0.25193537779445674,0.0,0.0,-0.9677440598709787
13.050000000000118,0.0,0.0,-4003.6927674100393,0.0,0.0,5.58424384480757,0.2830519819197304,0.0,0.0,-0.9591045696540669
13.075000000000118,0.0,0.0,-4003.6927674100393,0.0,0.0,5.33390684298075,0.3138733957061902,0.0,0.0,-0.9494648447772385
13.100000000000119,0.0,0.0,-4003.6927674100393,0.0,0.0,5.08355002378327,0.3443674759993645,0.0,0.0,-0.9388349383538233
13.125000000000119,0.0,0.0,-4003.6927674100393,0.0,0.0,4.8331710250146145,0.37450242101559317,0.0,0.0,-0.9272259361414883
13.15000000000012,0.0,0.0,-4003.6927674100393,0.0,0.0,4.582767483637929,0.4042468035075941,0.0,0.0,-0.9146499449810799
13.17500000000012,0.0,0.0,-4003.6927674100393,0.0,0.0,4.33233703569085,0.4335696035394315,0.0,0.0,-0.9011200801705953
13.20000000000012,0.0,0.0,-4003.6927674100393,0.0,0.0,4.0818773161962945,0.46244024083670643,0.0,0.0,-0.88665045178745
13.22500000000012,0.0,0.0,-4003.6927674100393,0.0,0.0,3.8313859590732235,0.4908286066782297,0.0,0.0,-0.871256149973306
13.25000000000012,0.0,0.0,-4003.6927674100393,0.0,0.0,3.5808605970473932,0.5187050952959218,0.0,0.0,-0.8549532291968075
13.275000000000121,0.0,0.0,-4003.6927674100393,0.0,0.0,3.3302988615621336,0.5460406347501903,0.0,0.0,-0.8377586915106338
13.300000000000122,0.0,0.0,-4003.6927674100393,0.0,0.0,3.0796983826892106,0.572806717248585,0.0,0.0,-0.8196904688203344
13.325000000000122,0.0,0.0,-4003.6927674100393,0.0,0.0,2.829056789039888,0.5989754288761145,0.0,0.0,-0.8007674041834336
13.350000000000122,0.0,0.0,-4003.6927674100393,0.0,0.0,2.5783717076763866,0.6245194787062173,0.0,0.0,-0.7810092321583111
13.375000000000123,0.0,0.0,-4003.6927674100393,0.0,0.0,2.3276407640241232,0.6494122272620282,0.0,0.0,-0.7604365582233484
13.400000000000123,0.0,0.0,-4003.6927674100393,0.0,0.0,2.076861581785495,0.6736277142982579,0.0,0.0,-0.7390708372878101
13.425000000000123,0.0,0.0,-4003.6927674100393,0.0,0.0,1.8260317828568018,0.6971406858747142,0.0,0.0,-0.7169343513168643
13.450000000000124,0.0,0.0,-4003.6927674100393,0.0,0.0,1.57514898725197,0.7199266206932273,0.0,0.0,-0.6940501860940821
13.475000000000124,0.0,0.0,-4003.6927674100393,0.0,0.0,1.3242108130422883,0.7419617556705158,0.0,0.0,-0.6704422071456465
13.500000000000124,0.0,0.0,-4003.6927674100393,0.0,0.0,1.0732148763386462,0.7632231107203228,0.0,0.0,-0.6461350348513799
13.525000000000125,0.0,0.0,-4003.6927674100393,0.0,0.0,0.8221587914076179,0.7836885127189761,0.0,0.0,-0.6211540187685494
13.550000000000125,0.0,0.0,-4003.6927674100393,0.0,0.0,0.5710401713354621,0.8033366186293804,0.0,0.0,-0.5955252111952216
13.575000000000125,0.0,0.0,-4003.6927674100393,0.0,0.0,0.3198566322960812,0.8221469377593266,0.0,0.0,-0.5692753400007433
