t,w1,w2,w3,v1,v2,v3,qw,qx,qy,qz
0.0,0.0,0.0,0.0,0.0,0.0,0.0,1.0,0.0,0.0,0.0
0.4,0.0,0.0,66646.920951421,0.0,0.0,33.316746246286485,0.45234600640293,0.0,0.0,-0.8918425256127455
0.8,0.0,0.0,66646.920951421,0.0,0.0,72.50178698713187,0.4522389408238286,0.0,0.0,-0.8918968216125346
1.2000000000000002,0.0,0.0,66646.920951421,0.0,0.0,111.1994005629004,0.4521318687274696,0.0,0.0,-0.8919511047591152
1.6,0.0,0.0,66646.920951421,0.0,0.0,148.10119047144644,0.45202479011539576,0.0,0.0,-0.8920053750517047
2.0,0.0,0.0,66646.920951421,0.0,0.0,160.78386200311763,0.4519177049891502,0.0,0.0,-0.8920596324895211
2.4,0.0,0.0,66646.920951421,0.0,0.0,150.18060024331987,0.4518106133502763,0.0,0.0,-0.8921138770717824
2.8,0.0,0.0,66646.920951421,0.0,0.0,140.4520663492123,0.45170351520031715,0.0,0.0,-0.8921681087977067
3.1999999999999997,0.0,0.0,66646.920951421,0.0,0.0,131.47350945147517,0.4515964105408166,0.0,0.0,-0.8922223276665129
3.5999999999999996,0.0,0.0,66646.920951421,0.0,0.0,123.14207651735003,0.45148929937331755,0.0,0.0,-0.8922765336774193
3.9999999999999996,0.0,0.0,66646.920951421,0.0,0.0,115.37215207475101,0.45138218169936384,0.0,0.0,-0.892330726829645
4.3999999999999995,0.0,0.0,66646.920951421,0.0,0.0,108.09183517940008,0.45127505752049935,0.0,0.0,-0.8923849071224087
4.8,0.0,0.0,66646.920951421,0.0,0.0,101.24024205518174,0.4511679268382675,0.0,0.0,-0.8924390745549299
5.2,0.0,0.0,66646.920951421,0.0,0.0,94.76541666782578,0.45106078965421254,0.0,0.0,-0.8924932291264277
5.6000000000000005,0.0,0.0,66646.920951421,0.0,0.0,88.62269467921483,0.450953645969878,0.0,0.0,-0.892547370836122
6.000000000000001,0.0,0.0,66646.920951421,0.0,0.0,82.77340950282948,0.45084649578680813,0.0,0.0,-0.8926014996832323
6.400000000000001,0.0,0.0,66646.920951421,0.0,0.0,77.18385927642132,0.4507393391065472,0.0,0.0,-0.8926556156669788
6.800000000000002,0.0,0.0,66646.920951421,0.0,0.0,71.82447479752076,0.4506321759306392,0.0,0.0,-0.8927097187865815
7.200000000000002,0.0,0.0,66646.920951421,0.0,0.0,66.66914363959724,0.4505250062606285,0.0,0.0,-0.8927638090412606
7.600000000000002,0.0,0.0,66646.920951421,0.0,0.0,61.69465664136747,0.4504178300980599,0.0,0.0,-0.8928178864302367
8.000000000000002,0.0,0.0,66646.920951421,0.0,0.0,56.88025098899008,0.4503106474444778,0.0,0.0,-0.8928719509527305
8.400000000000002,0.0,0.0,66646.920951421,0.0,0.0,52.20723004277833,0.45020345830142655,0.0,0.0,-0.8929260026079628
8.800000000000002,0.0,0.0,66646.920951421,0.0,0.0,47.658644484971255,0.4500962626704512,0.0,0.0,-0.8929800413951547
9.200000000000003,0.0,0.0,66646.920951421,0.0,0.0,43.21902269419177,0.44998906055309623,0.0,0.0,-0.8930340673135274
9.600000000000003,0.0,0.0,66646.920951421,0.0,0.0,38.87414077603429,0.4498818519509067,0.0,0.0,-0.8930880803623025
10.000000000000004,0.0,0.0,66646.920951421,0.0,0.0,34.610824605175196,0.44977463686542773,0.0,0.0,-0.8931420805407014
10.400000000000004,0.0,0.0,66646.920951421,0.0,0.0,30.41677771192828,0.4496674152982043,0.0,0.0,-0.8931960678479458
10.800000000000004,0.0,0.0,66646.920951421,0.0,0.0,26.280429983823048,0.44956018725078145,0.0,0.0,-0.8932500422832581
11.200000000000005,0.0,0.0,66646.920951421,0.0,0.0,22.19080302994506,0.4494529527247046,0.0,0.0,-0.8933040038458603
11.600000000000005,0.0,0.0,66646.920951421,0.0,0.0,18.13738873076864,0.44934571172151894,0.0,0.0,-0.8933579525349744
12.000000000000005,0.0,0.0,66646.920951421,0.0,0.0,14.110038011970147,0.44923846424277025,0.0,0.0,-0.8934118883498234
12.400000000000006,0.0,0.0,66646.920951421,0.0,0.0,10.098857268764814,0.4491312102900038,0.0,0.0,-0.8934658112896298
12.800000000000006,0.0,0.0,66646.920951421,0.0,0.0,6.0941101506324475,0.4490239498647654,0.0,0.0,-0.8935197213536166
13.200000000000006,0.0,0.0,66646.920951421,0.0,0.0,2.0861226127908914,0.44891668296860066,0.0,0.0,-0.8935736185410068
13.600000000000007,0.0,-0.000190863717523315,66646.920951421,0.005666899663732511,0.0,-1.9021391613143757,0.44880940960305554,0.0,0.0,-0.893627502851024
