t,w1,w2,w3,v1,v2,v3,qw,qx,qy,qz
0.0,0.0,0.0,0.0,0.0,0.0,0.0,1.0,0.0,0.0,0.0
0.1,0.0,0.0,12.114280953242593,0.0,0.0,7.561885795260596,0.9999999397701044,0.0,0.0,-0.0003470731727933223
0.2,0.0,0.0,13771.529063045471,0.0,0.0,17.62510319962984,0.2939240883886281,0.0,0.0,-0.955828766184045
0.30000000000000004,0.0,0.0,13771.529063045471,0.0,0.0,27.770611304000358,0.2915903787477079,0.0,0.0,-0.9565432823567203
0.4,0.0,0.0,13771.529063045471,0.0,0.0,37.601552392101446,0.28925493218045023,0.0,0.0,-0.9572521006554559
0.5,0.0,0.0,13771.529063045471,0.0,0.0,47.4099291018278,0.2869177625984892,0.0,0.0,-0.95795521685801
0.6,0.0,0.0,13771.529063045471,0.0,0.0,57.18757186397972,0.2845788839237223,0.0,0.0,-0.9586526267761063
0.7,0.0,0.0,13771.529063045471,0.0,0.0,66.92384692738642,0.282238310088228,0.0,0.0,-0.9593443262554593
0.7999999999999999,0.0,0.0,13771.529063045471,0.0,0.0,76.68901042812436,0.2798960550341819,0.0,0.0,-0.9600303111757994
0.8999999999999999,0.0,0.0,13771.529063045471,0.0,0.0,86.48864498543215,0.27755213271377466,0.0,0.0,-0.9607105774508966
0.9999999999999999,0.0,0.0,13771.529063045471,0.0,0.0,96.18033593408684,0.27520655708912806,0.0,0.0,-0.9613851210285858
1.0999999999999999,0.0,0.0,13771.529063045471,0.0,0.0,105.8732302596126,0.2728593421322122,0.0,0.0,-0.9620539378907902
1.2,0.0,0.0,13771.529063045471,0.0,0.0,115.644540319385,0.2705105018247625,0.0,0.0,-0.9627170240535456
1.3,0.0,0.0,13771.529063045471,0.0,0.0,125.07467727767481,0.26816005015819594,0.0,0.0,-0.9633743755670242
1.4000000000000001,0.0,0.0,13771.529063045471,0.0,0.0,134.5333560158722,0.265808001133528,0.0,0.0,-0.9640259885155579
1.5000000000000002,0.0,0.0,13771.529063045471,0.0,0.0,143.47772074517596,0.26345436876128914,0.0,0.0,-0.9646718590176614
1.6000000000000003,0.0,0.0,13771.529063045471,0.0,0.0,152.35961196338138,0.26109916706144143,0.0,0.0,-0.9653119832260559
1.7000000000000004,0.0,0.0,13771.529063045471,0.0,0.0,160.48499570568342,0.2587424100632952,0.0,0.0,-0.9659463573276923
1.8000000000000005,0.0,0.0,13771.529063045471,0.0,0.0,165.82732051998403,0.2563841118054248,0.0,0.0,-0.966574977543772
1.9000000000000006,0.0,0.0,13771.529063045471,0.0,0.0,167.08823785485842,0.25402428633558605,0.0,0.0,-0.9671978401297721
2.0000000000000004,0.0,0.0,13771.529063045471,0.0,0.0,165.4214111246226,0.25166294771063163,0.0,0.0,-0.9678149413754655
2.1000000000000005,0.0,0.0,13771.529063045471,0.0,0.0,162.57425516775425,0.24930010999642763,0.0,0.0,-0.9684262776049445
2.2000000000000006,0.0,0.0,13771.529063045471,0.0,0.0,159.79286931987164,0.24693578726776985,0.0,0.0,-0.9690318451766415
2.3000000000000007,0.0,0.0,13771.529063045471,0.0,0.0,157.0745954263656,0.24456999360830017,0.0,0.0,-0.9696316404833517
2.400000000000001,0.0,0.0,13771.529063045471,0.0,0.0,154.4169132289391,0.24220274311042214,0.0,0.0,-0.970225659952254
2.500000000000001,0.0,0.0,13771.529063045471,0.0,0.0,151.81743146805422,0.23983404987521756,0.0,0.0,-0.9708139000449323
2.600000000000001,0.0,0.0,13771.529063045471,0.0,0.0,149.2738796642857,0.23746392801236188,0.0,0.0,-0.9713963572573966
2.700000000000001,0.0,0.0,13771.529063045471,0.0,0.0,146.78410051887235,0.2350923916400408,0.0,0.0,-0.9719730281201046
2.800000000000001,0.0,0.0,13771.529063045471,0.0,0.0,144.34604287968247,0.23271945488486578,0.0,0.0,-0.9725439091979811
2.9000000000000012,0.0,0.0,13771.529063045471,0.0,0.0,141.95775522408263,0.23034513188178998,0.0,0.0,-0.9731089970904393
3.0000000000000013,0.0,0.0,13771.529063045471,0.0,0.0,139.61737961489777,0.227969436774024,0.0,0.0,-0.9736682884314013
3.1000000000000014,0.0,0.0,13771.529063045471,0.0,0.0,137.32314608984203,0.22559238371295184,0.0,0.0,-0.9742217798893167
3.2000000000000015,0.0,0.0,13771.529063045471,0.0,0.0,135.07336744854715,0.2232139868580463,0.0,0.0,-0.9747694681671847
3.3000000000000016,0.0,0.0,13771.529063045471,0.0,0.0,132.86643440466665,0.22083426037678508,0.0,0.0,-0.9753113500025714
3.4000000000000017,0.0,0.0,13771.529063045471,0.0,0.0,130.70081107353914,0.2184532184445658,0.0,0.0,-0.975847422167631
3.5000000000000018,0.0,0.0,13771.529063045471,0.0,0.0,128.5750307685886,0.2160708752446222,0.0,0.0,-0.9763776814691244
3.600000000000002,0.0,0.0,13771.529063045471,0.0,0.0,126.4876920820616,0.21368724496793884,0.0,0.0,-0.9769021247484377
3.700000000000002,0.0,0.0,13771.529063045471,0.0,0.0,124.43745522787984,0.21130234181316748,0.0,0.0,-0.9774207488816018
3.800000000000002,0.0,0.0,13771.529063045471,0.0,0.0,122.4230386263478,0.20891617998654202,0.0,0.0,-0.9779335507793107
3.900000000000002,0.0,0.0,13771.529063045471,0.0,0.0,120.44321571222517,0.20652877370179382,0.0,0.0,-0.97844052738694
4.000000000000002,0.0,0.0,13771.529063045471,0.0,0.0,118.49681194927032,0.20414013718006718,0.0,0.0,-0.9789416756845646
4.100000000000001,0.0,0.0,13771.529063045471,0.0,0.0,116.58270203580527,0.2017502846498347,0.0,0.0,-0.9794369926869777
4.200000000000001,0.0,0.0,13771.529063045471,0.0,0.0,114.69980728715831,0.1993592303468121,0.0,0.0,-0.9799264754437073
4.300000000000001,0.0,0.0,13771.529063045471,0.0,0.0,112.8470931820243,0.19696698851387415,0.0,0.0,-0.980410121039035
4.4,0.0,0.0,13771.529063045471,0.0,0.0,111.02356706085521,0.19457357340096917,0.0,0.0,-0.9808879265920126
4.5,0.0,0.0,13771.529063045471,0.0,0.0,109.22827596536804,0.19217899926503448,0.0,0.0,-0.9813598892564794
4.6,0.0,0.0,13771.529063045471,0.0,0.0,107.46030460914183,0.18978328036991143,0.0,0.0,-0.9818260062210797
4.699999999999999,0.0,0.0,13771.529063045471,0.0,0.0,105.71877347008122,0.1873864309862601,0.0,0.0,-0.9822862747092782
4.799999999999999,0.0,0.0,13771.529063045471,0.0,0.0,104.00283699625686,0.18498846539147507,0.0,0.0,-0.9827406919793782
4.899999999999999,0.0,0.0,13771.529063045471,0.0,0.0,102.31168191730102,0.1825893978695994,0.0,0.0,-0.9831892553245367
4.999999999999998,0.0,0.0,13771.529063045471,0.0,0.0,100.64452565414662,0.18018924271124043,0.0,0.0,-0.9836319620727814
5.099999999999998,0.0,0.0,13771.529063045471,0.0,0.0,99.00061482045422,0.17778801421348417,0.0,0.0,-0.9840688095870258
5.1999999999999975,0.0,0.0,13771.529063045471,0.0,0.0,97.37922380958035,0.17538572667981012,0.0,0.0,-0.9844997952650852
5.299999999999997,0.0,0.0,13771.529063045471,0.0,0.0,95.77965346140581,0.1729823944200063,0.0,0.0,-0.9849249165396932
5.399999999999997,0.0,0.0,13771.529063045471,0.0,0.0,94.20122980376857,0.1705780317500837,0.0,0.0,-0.9853441708785147
5.4999999999999964,0.0,0.0,13771.529063045471,0.0,0.0,92.64330286363632,0.16817265299219122,0.0,0.0,-0.9857575557841635
5.599999999999996,0.0,0.0,13771.529063045471,0.0,0.0,91.10524554351184,0.1657662724745306,0.0,0.0,-0.9861650687942154
5.699999999999996,0.0,0.0,13771.529063045471,0.0,0.0,89.58645255889265,0.16335890453127058,0.0,0.0,-0.9865667074812241
5.799999999999995,0.0,0.0,13771.529063045471,0.0,0.0,88.08633943290862,0.1609505635024617,0.0,0.0,-0.9869624694527346
5.899999999999995,0.0,0.0,13771.529063045471,0.0,0.0,86.60434154453844,0.1585412637339509,0.0,0.0,-0.9873523523512979
5.999999999999995,0.0,0.0,13771.529063045471,0.0,0.0,85.13991322706127,0.15613101957729628,0.0,0.0,-0.9877363538544857
6.099999999999994,0.0,0.0,13771.529063045471,0.0,0.0,83.6925269136349,0.15371984538968117,0.0,0.0,-0.988114471674903
6.199999999999994,0.0,0.0,13771.529063045471,0.0,0.0,82.26167232710837,0.15130775553382902,0.0,0.0,-0.9884867035602022
6.299999999999994,0.0,0.0,13771.529063045471,0.0,0.0,80.84685571137682,0.14889476437791763,0.0,0.0,-0.9888530472930972
6.399999999999993,0.0,0.0,13771.529063045471,0.0,0.0,79.44759910177014,0.14648088629549344,0.0,0.0,-0.9892135006913758
6.499999999999993,0.0,0.0,13771.529063045471,0.0,0.0,78.06343963213789,0.14406613566538637,0.0,0.0,-0.9895680616079131
6.5999999999999925,0.0,0.0,13771.529063045471,0.0,0.0,76.69392887644952,0.1416505268716237,0.0,0.0,-0.9899167279306839
6.699999999999992,0.0,0.0,13771.529063045471,0.0,0.0,75.33863222287466,0.13923407430334447,0.0,0.0,-0.9902594975827753
6.799999999999992,0.0,0.0,13771.529063045471,0.0,0.0,73.99712827844269,0.13681679235471406,0.0,0.0,-0.9905963685224002
6.8999999999999915,0.0,0.0,13771.529063045471,0.0,0.0,72.66900830250519,0.13439869542483815,0.0,0.0,-0.9909273387429078
6.999999999999991,0.0,0.0,13771.529063045471,0.0,0.0,71.35387566734055,0.131979797917677,0.0,0.0,-0.9912524062727964
7.099999999999991,0.0,0.0,13771.529063045471,0.0,0.0,70.05134534434661,0.12956011424195982,0.0,0.0,-0.9915715691757253
7.19999999999999,0.0,0.0,13771.529063045471,0.0,0.0,68.76104341436675,0.12713965881109876,0.0,0.0,-0.991884825550526
7.29999999999999,0.0,0.0,13771.529063045471,0.0,0.0,67.48260660078657,0.12471844604310302,0.0,0.0,-0.9921921735312135
7.39999999999999,0.0,0.0,13771.529063045471,0.0,0.0,66.21568182412418,0.12229649036049314,0.0,0.0,-0.9924936112869975
7.499999999999989,0.0,0.0,13771.529063045471,0.0,0.0,64.95992577691635,0.11987380619021505,0.0,0.0,-0.9927891370222937
7.599999999999989,0.0,0.0,13771.529063045471,0.0,0.0,63.71500451777671,0.11745040796355403,0.0,0.0,-0.9930787489767338
7.699999999999989,0.0,0.0,13771.529063045471,0.0,0.0,62.48059308357074,0.1150263101160488,0.0,0.0,-0.9933624454251764
7.799999999999988,0.0,0.0,13771.529063045471,0.0,0.0,61.25637511871663,0.11260152708740556,0.0,0.0,-0.9936402246777171
7.899999999999988,0.0,0.0,13771.529063045471,0.0,0.0,60.0420425206803,0.11017607332141198,0.0,0.0,-0.993912085079699
7.999999999999988,0.0,0.0,13771.529063045471,0.0,0.0,58.83729510078838,0.10774996326585103,0.0,0.0,-0.9941780250117218
8.099999999999987,0.0,0.0,13771.529063045471,0.0,0.0,57.641840259534995,0.1053232113724151,0.0,0.0,-0.9944380428896521
8.199999999999987,0.0,0.0,13771.529063045471,0.0,0.0,56.45539267560593,0.10289583209661983,0.0,0.0,-0.9946921371646325
8.299999999999986,0.0,0.0,13771.529063045471,0.0,0.0,55.277674007889246,0.10046783989771796,0.0,0.0,-0.9949403063230913
8.399999999999986,0.0,0.0,13771.529063045471,0.0,0.0,54.10841260978308,0.0980392492386133,0.0,0.0,-0.9951825488867503
8.499999999999986,0.0,0.0,13771.529063045471,0.0,0.0,52.94734325515075,0.09561007458577458,0.0,0.0,-0.9954188634126353
8.599999999999985,0.0,0.0,13771.529063045471,0.0,0.0,51.79420687530986,0.09318033040914919,0.0,0.0,-0.9956492484930833
8.699999999999985,0.0,0.0,13771.529063045471,0.0,0.0,50.64875030647646,0.09075003118207693,0.0,0.0,-0.995873702755752
8.799999999999985,0.0,0.0,13771.529063045471,0.0,0.0,49.51072604711712,0.08831919138120393,0.0,0.0,-0.9960922248636269
8.899999999999984,0.0,0.0,13771.529063045471,0.0,0.0,48.37989202469203,0.0858878254863965,0.0,0.0,-0.9963048135150299
8.999999999999984,0.0,0.0,13771.529063045471,0.0,0.0,47.25601137129995,0.0834559479806545,0.0,0.0,-0.9965114674436267
9.099999999999984,0.0,0.0,13771.529063045471,0.0,0.0,46.13885220776219,0.08102357335002561,0.0,0.0,-0.9967121854184351
9.199999999999983,0.0,0.0,13771.529063045471,0.0,0.0,45.028187435707515,0.07859071608351854,0.0,0.0,-0.9969069662438315
9.299999999999983,0.0,0.0,13771.529063045471,0.0,0.0,43.923794537242436,0.07615739067301704,0.0,0.0,-0.9970958087595582
9.399999999999983,0.0,0.0,13771.529063045471,0.0,0.0,42.82545538181338,0.07372361161319345,0.0,0.0,-0.9972787118407307
9.499999999999982,0.0,0.0,13771.529063045471,0.0,0.0,41.732956039886965,0.0712893934014223,0.0,0.0,-0.9974556743978437
9.599999999999982,0.0,0.0,13771.529063045471,0.0,0.0,40.64608660309381,0.06885475053769416,0.0,0.0,-0.9976266953767786
9.699999999999982,0.0,0.0,13771.529063045471,0.0,0.0,39.564641010498846,0.06641969752452904,0.0,0.0,-0.997791773758809
9.799999999999981,0.0,0.0,13771.529063045471,0.0,0.0,38.48841688067776,0.06398424886689014,0.0,0.0,-0.9979509085606064
9.89999999999998,0.0,0.0,13771.529063045471,0.0,0.0,37.41721534929479,0.06154841907209741,0.0,0.0,-0.9981040988342474
9.99999999999998,0.0,0.0,13771.529063045471,0.0,0.0,36.35084091189161,0.059112222649741135,0.0,0.0,-0.9982513436672187
10.09999999999998,0.0,0.0,13771.529063045471,0.0,0.0,35.289101271610704,0.056675674111595464,0.0,0.0,-0.9983926421824212
10.19999999999998,0.0,0.0,13771.529063045471,0.0,0.0,34.23180719158958,0.05423878797153205,0.0,0.0,-0.9985279935381777
10.29999999999998,0.0,0.0,13771.529063045471,0.0,0.0,33.178772351773944,0.05180157874543354,0.0,0.0,-0.9986573969282362
10.399999999999979,0.0,0.0,13771.529063045471,0.0,0.0,32.12981320990945,0.04936406095110714,0.0,0.0,-0.9987808515817749
10.499999999999979,0.0,0.0,13771.529063045471,0.0,0.0,31.08474886648197,0.046926249108198044,0.0,0.0,-0.9988983567634072
10.599999999999978,0.0,0.0,13771.529063045471,0.0,0.0,30.043400933386355,0.044488157738103114,0.0,0.0,-0.9990099117731864
10.699999999999978,0.0,0.0,13771.529063045471,0.0,0.0,29.00559340611275,0.04204980136388418,0.0,0.0,-0.9991155159466086
10.799999999999978,0.0,0.0,13771.529063045471,0.0,0.0,27.97115253924826,0.03961119451018168,0.0,0.0,-0.9992151686546179
10.899999999999977,0.0,0.0,13771.529063045471,0.0,0.0,26.93990672509977,0.03717235170312812,0.0,0.0,-0.9993088693036097
10.999999999999977,0.0,0.0,13771.529063045471,0.0,0.0,25.911686375251332,0.03473328747026151,0.0,0.0,-0.9993966173354342
11.099999999999977,0.0,0.0,13771.529063045471,0.0,0.0,24.88632380487641,0.03229401634043878,0.0,0.0,-0.9994784122273995
11.199999999999976,0.0,0.0,13771.529063045471,0.0,0.0,23.86365311963205,0.029854552843749344,0.0,0.0,-0.9995542534922752
11.299999999999976,0.0,0.0,13771.529063045471,0.0,0.0,22.84351010496789,0.027414911511428452,0.0,0.0,-0.9996241406782953
11.399999999999975,0.0,0.0,13771.529063045471,0.0,0.0,21.825732117688794,0.024975106875770706,0.0,0.0,-0.9996880733691604
11.499999999999975,0.0,0.0,13771.529063045471,0.0,0.0,20.810157979615006,0.022535153470043444,0.0,0.0,-0.9997460511840401
11.599999999999975,0.0,0.0,13771.529063045471,0.0,0.0,19.796627873188633,0.02009506582840021,0.0,0.0,-0.9997980737775763
11.699999999999974,0.0,0.0,13771.529063045471,0.0,0.0,18.784983238879747,0.017654858485794143,0.0,0.0,-0.9998441408398845
11.799999999999974,0.0,0.0,13771.529063045471,0.0,0.0,17.7750666742495,0.01521454597789139,0.0,0.0,-0.9998842520965547
11.899999999999974,0.0,0.0,13771.529063045471,0.0,0.0,16.766721834531403,0.012774142840984576,0.0,0.0,-0.9999184073086553
11.999999999999973,0.0,0.0,13771.529063045471,0.0,0.0,15.759793334595404,0.010333663611906152,0.0,0.0,-0.9999466062727328
12.099999999999973,0.0,0.0,13771.529063045471,0.0,0.0,14.754126652162492,0.007893122827941839,0.0,0.0,-0.9999688488208136
12.199999999999973,0.0,0.0,13771.529063045471,0.0,0.0,13.749568032140356,0.005452535026744018,0.0,0.0,-0.9999851348204043
12.299999999999972,0.0,0.0,13771.529063045471,0.0,0.0,12.745964391953176,0.0030119147462451526,0.0,0.0,-0.9999954641744938
12.399999999999972,0.0,0.0,13771.529063045471,0.0,0.0,11.743163227740824,0.0005712765245711639,0.0,0.0,-0.9999998368215529
12.499999999999972,0.0,0.0,13771.529063045471,0.0,0.0,10.741012521304704,-0.0018693651000451497,0.0,0.0,-0.9999982527355349
12.599999999999971,0.0,0.0,13771.529063045471,0.0,0.0,9.739360647679167,-0.004309995589350721,0.0,0.0,-0.9999907119258757
12.69999999999997,0.0,0.0,13771.529063045471,0.0,0.0,8.73805628320887,-0.006750600405158815,0.0,0.0,-0.999977214437494
12.79999999999997,0.0,0.0,13771.529063045471,0.0,0.0,7.7369483140137225,-0.009191165009435624,0.0,0.0,-0.9999577603507906
12.89999999999997,0.0,0.0,13771.529063045471,0.0,0.0,6.735885744724251,-0.011631674864386867,0.0,0.0,-0.9999323497816486
12.99999999999997,0.0,0.0,13771.529063045471,0.0,0.0,5.734717607371692,-0.014072115432544396,0.0,0.0,-0.9999009828814318
13.09999999999997,0.0,0.0,13771.529063045471,0.0,0.0,4.733292870320019,-0.016512472176852783,0.0,0.0,-0.9998636598369842
13.199999999999969,0.0,0.0,13771.529063045471,0.0,0.0,3.7314603471359375,-0.01895273056075592,0.0,0.0,-0.9998203808706299
13.299999999999969,0.0,0.0,13771.529063045471,0.0,0.0,2.7290686053305295,-0.021392876048283604,0.0,0.0,-0.9997711462401697
13.399999999999968,0.0,0.0,13771.529063045471,0.0,0.0,1.7259658751432916,-0.02383289410413813,0.0,0.0,-0.9997159562388814
13.499999999999968,0.0,0.0,13771.529063045471,0.0,0.0,0.7219999619094144,-0.026272770193780853,0.0,0.0,-0.999654811195517
13.599999999999968,0.0,-1.0211098394917205e-06,13771.529063045471,3.0317585139473836e-05,0.0,-0.27490710357447257,-0.028712489783518803,0.0,0.0,-0.9995877114743015
