t,w1,w2,w3,v1,v2,v3,qw,qx,qy,qz
0.0,0.0,0.0,0.0,0.0,0.0,0.0,1.0,0.0,0.0,0.0
0.05,0.0,0.0,0.016486934907148414,0.0,0.0,4.090779915810983,0.9999999999997313,0.0,0.0,-7.33181774349848e-07
0.1,0.0,0.0,-7688.385316693314,0.0,0.0,8.801141780718742,0.9968496995852892,0.0,0.0,-0.07931378465764007
0.15000000000000002,0.0,0.0,-7688.385316693314,0.0,0.0,13.757928673918318,0.997488821961692,0.0,0.0,-0.0708240782606879
0.2,0.0,0.0,-7688.385316693314,0.0,0.0,18.879852074920638,0.9980556427651809,0.0,0.0,-0.062329238280134876
0.25,0.0,0.0,-7688.385316693314,0.0,0.0,23.98771118136478,0.9985501209105478,0.0,0.0,-0.05382988045249733
0.3,0.0,0.0,-7688.385316693314,0.0,0.0,29.020034145531092,0.998972220556241,0.0,0.0,-0.04532662084176126
0.35,0.0,0.0,-7688.385316693314,0.0,0.0,33.94594517168897,0.9993219111069618,0.0,0.0,-0.036820075794727986
0.39999999999999997,0.0,0.0,-7688.385316693314,0.0,0.0,38.84700558972642,0.9995991672158828,0.0,0.0,-0.028310861896339044
0.44999999999999996,0.0,0.0,-7688.385316693314,0.0,0.0,43.748770177936095,0.9998039687864854,0.0,0.0,-0.019799595924983895
0.49999999999999994,0.0,0.0,-7688.385316693314,0.0,0.0,48.64938224549139,0.999936300974016,0.0,0.0,-0.011286894807793603
0.5499999999999999,0.0,0.0,-7688.385316693314,0.0,0.0,53.54175178494128,0.9999961541865623,0.0,0.0,-0.0027733755759237785
0.6,0.0,0.0,-7688.385316693314,0.0,0.0,58.41928948174764,0.9999835240857485,0.0,0.0,0.005740344680170083
0.65,0.0,0.0,-7688.385316693314,0.0,0.0,63.28589718917051,0.9998984115870498,0.0,0.0,0.01425364885546153
0.7000000000000001,0.0,0.0,-7688.385316693314,0.0,0.0,68.14611739430367,0.9997408228597255,0.0,0.0,0.022765919875083137
0.7500000000000001,0.0,0.0,-7688.385316693314,0.0,0.0,73.0117897294828,0.9995107693263732,0.0,0.0,0.0312765407390543
0.8000000000000002,0.0,0.0,-7688.385316693314,0.0,0.0,77.89979870764864,0.9992082676620987,0.0,0.0,0.03978489456700367
0.8500000000000002,0.0,0.0,-7688.385316693314,0.0,0.0,82.79664436188223,0.9988333397933098,0.0,0.0,0.048290364642882784
0.9000000000000002,0.0,0.0,-7688.385316693314,0.0,0.0,87.68695922789172,0.9983860128961249,0.0,0.0,0.05679233445966789
0.9500000000000003,0.0,0.0,-7688.385316693314,0.0,0.0,92.55041882270564,0.9978663193944044,0.0,0.0,0.06529018776404655
1.0000000000000002,0.0,0.0,-7688.385316693314,0.0,0.0,97.36464796265622,0.9972742969574002,0.0,0.0,0.07378330860108594
1.0500000000000003,0.0,0.0,-7688.385316693314,0.0,0.0,102.29041329605656,0.9966099884970251,0.0,0.0,0.08227108135887953
1.1000000000000003,0.0,0.0,-7688.385316693314,0.0,0.0,107.1104224431033,0.9958734421647427,0.0,0.0,0.09075289081316877
1.1500000000000004,0.0,0.0,-7688.385316693314,0.0,0.0,111.99701416441214,0.9950647113480767,0.0,0.0,0.09922812217193679
1.2000000000000004,0.0,0.0,-7688.385316693314,0.0,0.0,116.8412004846475,0.9941838546667419,0.0,0.0,0.10769616111997056
1.2500000000000004,0.0,0.0,-7688.385316693314,0.0,0.0,121.5718845219655,0.9932309359683947,0.0,0.0,0.11615639386338904
1.3000000000000005,0.0,0.0,-7688.385316693314,0.0,0.0,126.24788601682117,0.9922060243240052,0.0,0.0,0.12460820717413276
1.3500000000000005,0.0,0.0,-7688.385316693314,0.0,0.0,131.01839189453963,0.9911091940228511,0.0,0.0,0.13305098843441307
1.4000000000000006,0.0,0.0,-7688.385316693314,0.0,0.0,135.66999608540547,0.9899405245671328,0.0,0.0,0.14148412568111676
1.4500000000000006,0.0,0.0,-7688.385316693314,0.0,0.0,140.16078720073781,0.98870010066621,0.0,0.0,0.1499070076501633
1.5000000000000007,0.0,0.0,-7688.385316693314,0.0,0.0,144.59254692844075,0.9873880122304631,0.0,0.0,0.15831902382081162
1.5500000000000007,0.0,0.0,-7688.385316693314,0.0,0.0,149.000413596762,0.9860043543647752,0.0,0.0,0.16671956445991265
1.6000000000000008,0.0,0.0,-7688.385316693314,0.0,0.0,153.48191659145658,0.9845492273616382,0.0,0.0,0.17510802066610534
1.6500000000000008,0.0,0.0,-7688.385316693314,0.0,0.0,157.8180976582813,0.9830227366938847,0.0,0.0,0.1834837844139513
1.7000000000000008,0.0,0.0,-7688.385316693314,0.0,0.0,161.63214383851582,0.9814249930070414,0.0,0.0,0.19184624859800756
1.7500000000000009,0.0,0.0,-7688.385316693314,0.0,0.0,164.85455801572115,0.9797561121113102,0.0,0.0,0.20019480707683096
1.800000000000001,0.0,0.0,-7688.385316693314,0.0,0.0,166.96441405762985,0.9780162149731733,0.0,0.0,0.20852885471691396
1.850000000000001,0.0,0.0,-7688.385316693314,0.0,0.0,168.02405842503836,0.9762054277066249,0.0,0.0,0.21684778743654662
1.900000000000001,0.0,0.0,-7688.385316693314,0.0,0.0,168.19874856602786,0.9743238815640306,0.0,0.0,0.225151002249603
1.950000000000001,0.0,0.0,-7688.385316693314,0.0,0.0,167.6431998098828,0.972371712926614,0.0,0.0,0.23343789730924724
2.000000000000001,0.0,0.0,-7688.385316693314,0.0,0.0,166.28828842096058,0.9703490632945699,0.0,0.0,0.24170787195155793
2.0500000000000007,0.0,0.0,-7688.385316693314,0.0,0.0,164.84608181992658,0.9682560792768096,0.0,0.0,0.24996032673906637
2.1000000000000005,0.0,0.0,-7688.385316693314,0.0,0.0,163.42087325313665,0.9660929125803325,0.0,0.0,0.25819466350420556
2.1500000000000004,0.0,0.0,-7688.385316693314,0.0,0.0,162.01231117964744,0.9638597199992316,0.0,0.0,0.2664102853926681
2.2,0.0,0.0,-7688.385316693314,0.0,0.0,160.6200534635886,0.9615566634033268,0.0,0.0,0.274606596906668
2.25,0.0,0.0,-7688.385316693314,0.0,0.0,159.24376705943283,0.9591839097264331,0.0,0.0,0.2827830039481047
2.3,0.0,0.0,-7688.385316693314,0.0,0.0,157.8831277098003,0.9567416309542601,0.0,0.0,0.29093891386162535
2.3499999999999996,0.0,0.0,-7688.385316693314,0.0,0.0,156.53781965521873,0.9542300041119464,0.0,0.0,0.29907373547758215
2.3999999999999995,0.0,0.0,-7688.385316693314,0.0,0.0,155.20753535529033,0.9516492112512274,0.0,0.0,0.30718687915488324
2.4499999999999993,0.0,0.0,-7688.385316693314,0.0,0.0,153.89197522074636,0.9489994394372402,0.0,0.0,0.3152777568237315
2.499999999999999,0.0,0.0,-7688.385316693314,0.0,0.0,152.59084735589536,0.9462808807349641,0.0,0.0,0.3233457820282502
2.549999999999999,0.0,0.0,-7688.385316693314,0.0,0.0,151.30386731099836,0.9434937321952992,0.0,0.0,0.3313903699689911
2.5999999999999988,0.0,0.0,-7688.385316693314,0.0,0.0,150.03075784412653,0.9406381958407837,0.0,0.0,0.33941093754532325
2.6499999999999986,0.0,0.0,-7688.385316693314,0.0,0.0,148.7712486920806,0.9377144786509498,0.0,0.0,0.3474069033976978
2.6999999999999984,0.0,0.0,-7688.385316693314,0.0,0.0,147.52507634997164,0.9347227925473218,0.0,0.0,0.3553776879497873
2.7499999999999982,0.0,0.0,-7688.385316693314,0.0,0.0,146.29198385908342,0.931663354378055,0.0,0.0,0.3633227134504954
2.799999999999998,0.0,0.0,-7688.385316693314,0.0,0.0,145.07172060265546,0.9285363859022178,0.0,0.0,0.37124140401583433
2.849999999999998,0.0,0.0,-7688.385316693314,0.0,0.0,143.8640421092434,0.9253421137737174,0.0,0.0,0.37913318567066717
2.8999999999999977,0.0,0.0,-7688.385316693314,0.0,0.0,142.66870986333043,0.9220807695248724,0.0,0.0,0.3869974863903113
2.9499999999999975,0.0,0.0,-7688.385316693314,0.0,0.0,141.4854911228798,0.9187525895496288,0.0,0.0,0.3948337361420009
2.9999999999999973,0.0,0.0,-7688.385316693314,0.0,0.0,140.3141587435326,0.9153578150864266,0.0,0.0,0.40264136692620567
3.049999999999997,0.0,0.0,-7688.385316693314,0.0,0.0,139.15449100917044,0.9118966922007131,0.0,0.0,0.41041981281779993
3.099999999999997,0.0,0.0,-7688.385316693314,0.0,0.0,138.00627146857516,0.908369471767108,0.0,0.0,0.41816851000708444
3.149999999999997,0.0,0.0,-7688.385316693314,0.0,0.0,136.86928877793096,0.9047764094512184,0.0,0.0,0.42588689684065295
3.1999999999999966,0.0,0.0,-7688.385316693314,0.0,0.0,135.74333654892638,0.9011177656911078,0.0,0.0,0.4335744138621024
3.2499999999999964,0.0,0.0,-7688.385316693314,0.0,0.0,134.62821320222488,0.8973938056784182,0.0,0.0,0.44123050385258433
3.2999999999999963,0.0,0.0,-7688.385316693314,0.0,0.0,133.5237218260837,0.893604799339148,0.0,0.0,0.44885461187119496
3.349999999999996,0.0,0.0,-7688.385316693314,0.0,0.0,132.42967003991092,0.8897510213140872,0.0,0.0,0.4564461852951982
3.399999999999996,0.0,0.0,-7688.385316693314,0.0,0.0,131.3458698625605,0.8858327509389109,0.0,0.0,0.4640046738600823
3.4499999999999957,0.0,0.0,-7688.385316693314,0.0,0.0,130.27213758517385,0.8818502722239303,0.0,0.0,0.4715295296994453
3.4999999999999956,0.0,0.0,-7688.385316693314,0.0,0.0,129.20829364838602,0.8778038738335082,0.0,0.0,0.47902020738470574
3.5499999999999954,0.0,0.0,-7688.385316693314,0.0,0.0,128.1541625237222,0.873693849065135,0.0,0.0,0.48647616396463766
3.599999999999995,0.0,0.0,-7688.385316693314,0.0,0.0,127.1095725990184,0.8695204958281699,0.0,0.0,0.4938968590047254
3.649999999999995,0.0,0.0,-7688.385316693314,0.0,0.0,126.07435606770777,0.8652841166222465,0.0,0.0,0.5012817546263365
3.699999999999995,0.0,0.0,-7688.385316693314,0.0,0.0,125.04834882182068,0.8609850185153471,0.0,0.0,0.5086303155457088
3.7499999999999947,0.0,0.0,-7688.385316693314,0.0,0.0,124.03139034855423,0.8566235131215457,0.0,0.0,0.5159420091127499
3.7999999999999945,0.0,0.0,-7688.385316693314,0.0,0.0,123.02332363027219,0.8521999165784202,0.0,0.0,0.5232163053496457
3.8499999999999943,0.0,0.0,-7688.385316693314,0.0,0.0,122.02399504780367,0.847714549524138,0.0,0.0,0.5304526769892747
3.899999999999994,0.0,0.0,-7688.385316693314,0.0,0.0,121.03325428691348,0.8431677370742151,0.0,0.0,0.5376505995134268
3.949999999999994,0.0,0.0,-7688.385316693314,0.0,0.0,120.05095424782353,0.8385598087979509,0.0,0.0,0.5448095511908213
3.999999999999994,0.0,0.0,-7688.385316693314,0.0,0.0,119.07695095766934,0.8338910986945386,0.0,0.0,0.5519290131149251
4.049999999999994,0.0,0.0,-7688.385316693314,0.0,0.0,118.111103485781,0.8291619451688573,0.0,0.0,0.5590084692415641
4.099999999999993,0.0,0.0,-7688.385316693314,0.0,0.0,117.15327386168237,0.8243726910069424,0.0,0.0,0.5660474064263279
4.149999999999993,0.0,0.0,-7688.385316693314,0.0,0.0,116.20332699570726,0.8195236833511388,0.0,0.0,0.5730453144617642
4.199999999999993,0.0,0.0,-7688.385316693314,0.0,0.0,115.26113060213525,0.8146152736749399,0.0,0.0,0.5800016861143619
4.249999999999993,0.0,0.0,-7688.385316693314,0.0,0.0,114.32655512475405,0.8096478177575104,0.0,0.0,0.5869160171613151
4.299999999999993,0.0,0.0,-7688.385316693314,0.0,0.0,113.3994736647592,0.8046216756578991,0.0,0.0,0.5937878064270726
4.3499999999999925,0.0,0.0,-7688.385316693314,0.0,0.0,112.47976191090578,0.7995372116889398,0.0,0.0,0.6006165558196641
4.399999999999992,0.0,0.0,-7688.385316693314,0.0,0.0,111.56729807183002,0.7943947943908445,0.0,0.0,0.6074017703668042
4.449999999999992,0.0,0.0,-7688.385316693314,0.0,0.0,110.6619628104624,0.7891947965044915,0.0,0.0,0.614142958251769
4.499999999999992,0.0,0.0,-7688.385316693314,0.0,0.0,109.76363918045686,0.7839375949444068,0.0,0.0,0.6208396308490455
4.549999999999992,0.0,0.0,-7688.385316693314,0.0,0.0,108.872212564564,0.7786235707714437,0.0,0.0,0.6274913027597485
4.599999999999992,0.0,0.0,-7688.385316693314,0.0,0.0,107.98757061487876,0.7732531091651631,0.0,0.0,0.6340974918468045
4.6499999999999915,0.0,0.0,-7688.385316693314,0.0,0.0,107.10960319489644,0.7678265993959134,0.0,0.0,0.640657719269898
4.699999999999991,0.0,0.0,-7688.385316693314,0.0,0.0,106.23820232331282,0.7623444347966154,0.0,0.0,0.6471715095201804
4.749999999999991,0.0,0.0,-7688.385316693314,0.0,0.0,105.37326211950754,0.7568070127342518,0.0,0.0,0.6536383904547362
4.799999999999991,0.0,0.0,-7688.385316693314,0.0,0.0,104.51467875065164,0.7512147345810648,0.0,0.0,0.660057893330805
4.849999999999991,0.0,0.0,-7688.385316693314,0.0,0.0,103.66235038038286,0.7455680056854631,0.0,0.0,0.6664295528397591
4.899999999999991,0.0,0.0,-7688.385316693314,0.0,0.0,102.81617711899457,0.7398672353426408,0.0,0.0,0.6727529071408294
4.94999999999999,0.0,0.0,-7688.385316693314,0.0,0.0,101.97606097508603,0.7341128367649099,0.0,0.0,0.6790274978945822
4.99999999999999,0.0,0.0,-7688.385316693314,0.0,0.0,101.14190580862395,0.7283052270517502,0.0,0.0,0.6852528702961402
5.04999999999999,0.0,0.0,-7688.385316693314,0.0,0.0,100.31361728536733,0.722444827159575,0.0,0.0,0.6914285731081495
5.09999999999999,0.0,0.0,-7688.385316693314,0.0,0.0,99.49110283260917,0.71653206187122,0.0,0.0,0.6975541586934869
5.14999999999999,0.0,0.0,-7688.385316693314,0.0,0.0,98.67427159619056,0.7105673597651522,0.0,0.0,0.7036291830477048
5.1999999999999895,0.0,0.0,-7688.385316693314,0.0,0.0,97.86303439874449,0.7045511531844068,0.0,0.0,0.7096532058312162
5.249999999999989,0.0,0.0,-7688.385316693314,0.0,0.0,97.05730369912803,0.6984838782052473,0.0,0.0,0.7156257904012105
5.299999999999989,0.0,0.0,-7688.385316693314,0.0,0.0,96.25699355300353,0.6923659746055586,0.0,0.0,0.721546503843304
5.349999999999989,0.0,0.0,-7688.385316693314,0.0,0.0,95.4620195745305,0.6861978858329699,0.0,0.0,0.7274149170029182
5.399999999999989,0.0,0.0,-7688.385316693314,0.0,0.0,94.6722988991317,0.6799800589727119,0.0,0.0,0.7332306045163876
5.449999999999989,0.0,0.0,-7688.385316693314,0.0,0.0,93.88775014729796,0.6737129447152106,0.0,0.0,0.7389931448417904
5.4999999999999885,0.0,0.0,-7688.385316693314,0.0,0.0,93.10829338939794,0.6673969973234198,0.0,0.0,0.7447021202895041
5.549999999999988,0.0,0.0,-7688.385316693314,0.0,0.0,92.33385011145998,0.6610326745998938,0.0,0.0,0.7503571170524813
5.599999999999988,0.0,0.0,-7688.385316693314,0.0,0.0,91.56434318189459,0.654620437853605,0.0,0.0,0.7559577252362426
5.649999999999988,0.0,0.0,-7688.385316693314,0.0,0.0,90.79969681912713,0.6481607518665066,0.0,0.0,0.7615035388885889
5.699999999999988,0.0,0.0,-7688.385316693314,0.0,0.0,90.03983656011165,0.6416540848598425,0.0,0.0,0.766994156029026
5.749999999999988,0.0,0.0,-7688.385316693314,0.0,0.0,89.28468922969738,0.6351009084602106,0.0,0.0,0.7724291786779001
5.799999999999987,0.0,0.0,-7688.385316693314,0.0,0.0,88.53418291082102,0.6285016976653756,0.0,0.0,0.7778082128852466
5.849999999999987,0.0,0.0,-7688.385316693314,0.0,0.0,87.78824691549849,0.6218569308098411,0.0,0.0,0.7831308687593438
5.899999999999987,0.0,0.0,-7688.385316693314,0.0,0.0,87.04681175659087,0.6151670895301778,0.0,0.0,0.7883967604949744
5.949999999999987,0.0,0.0,-7688.385316693314,0.0,0.0,86.3098091203203,0.6084326587301123,0.0,0.0,0.7936055064013899
5.999999999999987,0.0,0.0,-7688.385316693314,0.0,0.0,85.57717183951222,0.6016541265453801,0.0,0.0,0.7987567289299763
6.0499999999999865,0.0,0.0,-7688.385316693314,0.0,0.0,84.8488338675415,0.5948319843083426,0.0,0.0,0.8038500547016213
6.099999999999986,0.0,0.0,-7688.385316693314,0.0,0.0,84.12473025296042,0.5879667265123756,0.0,0.0,0.8088851145337769
6.149999999999986,0.0,0.0,-7688.385316693314,0.0,0.0,83.40479711478748,0.5810588507760247,0.0,0.0,0.8138615434672197
6.199999999999986,0.0,0.0,-7688.385316693314,0.0,0.0,82.68897161843675,0.5741088578069375,0.0,0.0,0.8187789807925051
6.249999999999986,0.0,0.0,-7688.385316693314,0.0,0.0,81.97719195226806,0.5671172513655696,0.0,0.0,0.8236370700761115
6.299999999999986,0.0,0.0,-7688.385316693314,0.0,0.0,81.26939730473907,0.5600845382286702,0.0,0.0,0.8284354591862768
6.349999999999985,0.0,0.0,-7688.385316693314,0.0,0.0,80.56552784214101,0.5530112281525501,0.0,0.0,0.833173800318522
6.399999999999985,0.0,0.0,-7688.385316693314,0.0,0.0,79.8655246869002,0.5458978338361316,0.0,0.0,0.837851750020861
6.449999999999985,0.0,0.0,-7688.385316693314,0.0,0.0,79.16932989642851,0.5387448708837869,0.0,0.0,0.8424689692186957
6.499999999999985,0.0,0.0,-7688.385316693314,0.0,0.0,78.47688644250614,0.5315528577679652,0.0,0.0,0.8470251232393933
6.549999999999985,0.0,0.0,-7688.385316693314,0.0,0.0,77.7881381911808,0.5243223157916117,0.0,0.0,0.8515198818365438
6.5999999999999845,0.0,0.0,-7688.385316693314,0.0,0.0,77.10302988316788,0.5170537690503817,0.0,0.0,0.8559529192138985
6.649999999999984,0.0,0.0,-7688.385316693314,0.0,0.0,76.42150711473671,0.5097477443946524,0.0,0.0,0.8603239140489843
6.699999999999984,0.0,0.0,-7688.385316693314,0.0,0.0,75.7435163190687,0.5024047713913353,0.0,0.0,0.8646325495163945
6.749999999999984,0.0,0.0,-7688.385316693314,0.0,0.0,75.06900474807313,0.49502538228549003,0.0,0.0,0.8688785133107532
6.799999999999984,0.0,0.0,-7688.385316693314,0.0,0.0,74.39792045464739,0.4876101119617471,0.0,0.0,0.8730614976693523
6.849999999999984,0.0,0.0,-7688.385316693314,0.0,0.0,73.73021227536864,0.48015949790553575,0.0,0.0,0.8771811993944603
6.8999999999999835,0.0,0.0,-7688.385316693314,0.0,0.0,73.06582981360421,0.4726740801641266,0.0,0.0,0.8812373198752972
6.949999999999983,0.0,0.0,-7688.385316693314,0.0,0.0,72.40472342302861,0.465154401307486,0.0,0.0,0.8852295651096806
6.999999999999983,0.0,0.0,-7688.385316693314,0.0,0.0,71.7468441915355,0.4576010063889486,0.0,0.0,0.8891576457253355
7.049999999999983,0.0,0.0,-7688.385316693314,0.0,0.0,71.09214392553298,0.4500144429057111,0.0,0.0,0.8930212770008689
7.099999999999983,0.0,0.0,-7688.385316693314,0.0,0.0,70.44057513461145,0.44239526075914676,0.0,0.0,0.8968201788864067
7.149999999999983,0.0,0.0,-7688.385316693314,0.0,0.0,69.79209101657321,0.4347440122149463,0.0,0.0,0.9005540760238946
7.199999999999982,0.0,0.0,-7688.385316693314,0.0,0.0,69.14664544281347,0.42706125186308863,0.0,0.0,0.9042226977670554
7.249999999999982,0.0,0.0,-7688.385316693314,0.0,0.0,68.50419294404283,0.4193475365776412,0.0,0.0,0.907825778201007
7.299999999999982,0.0,0.0,-7688.385316693314,0.0,0.0,67.86468869634155,0.4116034254763965,0.0,0.0,0.9113630561615368
7.349999999999982,0.0,0.0,-7688.385316693314,0.0,0.0,67.22808850753617,0.4038294798803452,0.0,0.0,0.9148342752540319
7.399999999999982,0.0,0.0,-7688.385316693314,0.0,0.0,66.59434880388947,0.39602626327298873,0.0,0.0,0.9182391838720636
7.4499999999999815,0.0,0.0,-7688.385316693314,0.0,0.0,65.9634266170949,0.38819434125949703,0.0,0.0,0.9215775352156241
7.499999999999981,0.0,0.0,-7688.385316693314,0.0,0.0,65.33527957156699,0.3803342815257109,0.0,0.0,0.9248490873090168
7.549999999999981,0.0,0.0,-7688.385316693314,0.0,0.0,64.70986587201953,0.372446653796994,0.0,0.0,0.9280536030183935
7.599999999999981,0.0,0.0,-7688.385316693314,0.0,0.0,64.08714429132345,0.3645320297969372,0.0,0.0,0.9311908500689452
7.649999999999981,0.0,0.0,-7688.385316693314,0.0,0.0,63.4670741586366,0.3565909832059186,0.0,0.0,0.9342606010617359
7.699999999999981,0.0,0.0,-7688.385316693314,0.0,0.0,62.849615347797986,0.34862408961952013,0.0,0.0,0.937262633490187
7.7499999999999805,0.0,0.0,-7688.385316693314,0.0,0.0,62.23472826597921,0.34063192650680685,0.0,0.0,0.9401967297562045
7.79999999999998,0.0,0.0,-7688.385316693314,0.0,0.0,61.62237384258588,0.3326150731684703,0.0,0.0,0.943062677185951
7.84999999999998,0.0,0.0,-7688.385316693314,0.0,0.0,61.012513518402294,0.32457411069483755,0.0,0.0,0.9458602680452622
7.89999999999998,0.0,0.0,-7688.385316693314,0.0,0.0,60.40510923497264,0.31650962192375315,0.0,0.0,0.9485892995547034
7.94999999999998,0.0,0.0,-7688.385316693314,0.0,0.0,59.80012342421234,0.3084221913983316,0.0,0.0,0.9512495739042677
7.99999999999998,0.0,0.0,-7688.385316693314,0.0,0.0,59.19751899824314,0.30031240532458847,0.0,0.0,0.9538408982677143
8.04999999999998,0.0,0.0,-7688.385316693314,0.0,0.0,58.597259339446104,0.2921808515289496,0.0,0.0,0.9563630848165449
8.09999999999998,0.0,0.0,-7688.385316693314,0.0,0.0,57.99930829072633,0.2840281194156438,0.0,0.0,0.9588159507336186
8.14999999999998,0.0,0.0,-7688.385316693314,0.0,0.0,57.40363014598391,0.27585479992398015,0.0,0.0,0.9611993182264025
8.199999999999982,0.0,0.0,-7688.385316693314,0.0,0.0,56.81018964078541,0.26766148548551466,0.0,0.0,0.9635130145398596
8.249999999999982,0.0,0.0,-7688.385316693314,0.0,0.0,56.21895194323056,0.25944876998110944,0.0,0.0,0.96575687196897
8.299999999999983,0.0,0.0,-7688.385316693314,0.0,0.0,55.62988264500892,0.2512172486978854,0.0,0.0,0.9679307278708869
8.349999999999984,0.0,0.0,-7688.385316693314,0.0,0.0,55.042947752641375,0.24296751828607363,0.0,0.0,0.9700344246767258
8.399999999999984,0.0,0.0,-7688.385316693314,0.0,0.0,54.45811367890155,0.23470017671576832,0.0,0.0,0.9720678099029857
8.449999999999985,0.0,0.0,-7688.385316693314,0.0,0.0,53.87534723441236,0.22641582323358383,0.0,0.0,0.974030736162601
8.499999999999986,0.0,0.0,-7688.385316693314,0.0,0.0,53.29461561941303,0.21811505831921899,0.0,0.0,0.9759230611756256
8.549999999999986,0.0,0.0,-7688.385316693314,0.0,0.0,52.715886415692,0.20979848364193204,0.0,0.0,0.9777446477795447
8.599999999999987,0.0,0.0,-7688.385316693314,0.0,0.0,52.13912757868135,0.20146670201692973,0.0,0.0,0.9794953639392184
8.649999999999988,0.0,0.0,-7688.385316693314,0.0,0.0,51.564307429708506,0.19312031736167282,0.0,0.0,0.9811750827564502
8.699999999999989,0.0,0.0,-7688.385316693314,0.0,0.0,50.991394648400984,0.18475993465210253,0.0,0.0,0.9827836824791867
8.74999999999999,0.0,0.0,-7688.385316693314,0.0,0.0,50.420358265240125,0.17638615987878897,0.0,0.0,0.9843210465103416
8.79999999999999,0.0,0.0,-7688.385316693314,0.0,0.0,49.85116765426,0.16799960000300757,0.0,0.0,0.9857870634162478
8.84999999999999,0.0,0.0,-7688.385316693314,0.0,0.0,49.283792525887506,0.15960086291274356,0.0,0.0,0.9871816269347337
8.899999999999991,0.0,0.0,-7688.385316693314,0.0,0.0,48.71820291992003,0.15119055737863032,0.0,0.0,0.9885046359828259
8.949999999999992,0.0,0.0,-7688.385316693314,0.0,0.0,48.15436919863703,0.1427692930098239,0.0,0.0,0.9897559946640763
8.999999999999993,0.0,0.0,-7688.385316693314,0.0,0.0,47.59226204004197,0.1343376802098159,0.0,0.0,0.9909356122755126
9.049999999999994,0.0,0.0,-7688.385316693314,0.0,0.0,47.031852431231286,0.12589633013218943,0.0,0.0,0.9920434033142133
9.099999999999994,0.0,0.0,-7688.385316693314,0.0,0.0,46.47311166188686,0.1174458546363204,0.0,0.0,0.993079287483504
9.149999999999995,0.0,0.0,-7688.385316693314,0.0,0.0,45.916011317888994,0.108986866243028,0.0,0.0,0.9940431896987799
9.199999999999996,0.0,0.0,-7688.385316693314,0.0,0.0,45.360523275046475,0.10051997809017653,0.0,0.0,0.9949350400929451
9.249999999999996,0.0,0.0,-7688.385316693314,0.0,0.0,44.80661969294083,0.09204580388823337,0.0,0.0,0.99575477402148
9.299999999999997,0.0,0.0,-7688.385316693314,0.0,0.0,44.25427300888166,0.08356495787578502,0.0,0.0,0.9965023320671248
9.349999999999998,0.0,0.0,-7688.385316693314,0.0,0.0,43.70345593197022,0.07507805477501457,0.0,0.0,0.9971776600441868
9.399999999999999,0.0,0.0,-7688.385316693314,0.0,0.0,43.15414143726828,0.06658570974714476,0.0,0.0,0.9977807090024686
9.45,0.0,0.0,-7688.385316693314,0.0,0.0,42.60630276006962,0.058088538347848724,0.0,0.0,0.9983114352308153
9.5,0.0,0.0,-7688.385316693314,0.0,0.0,42.05991339027133,0.04958715648263233,0.0,0.0,0.9987698002602836
9.55,0.0,0.0,-7688.385316693314,0.0,0.0,41.514947066842424,0.04108218036219114,0.0,0.0,0.9991557708669295
9.600000000000001,0.0,0.0,-7688.385316693314,0.0,0.0,40.971377772386994,0.03257422645774524,0.0,0.0,0.9994693190742173
9.650000000000002,0.0,0.0,-7688.385316693314,0.0,0.0,40.429179727799614,0.024063911456355204,0.0,0.0,0.9997104221550462
9.700000000000003,0.0,0.0,-7688.385316693314,0.0,0.0,39.8883273870104,0.015551852216222392,0.0,0.0,0.999879062633399
9.750000000000004,0.0,0.0,-7688.385316693314,0.0,0.0,39.34879543181741,0.007038665721976854,0.0,0.0,0.9999752282856081
9.800000000000004,0.0,0.0,-7688.385316693314,0.0,0.0,38.81055876680399,-0.0014750309600439343,0.0,0.0,0.9999989121412418
9.850000000000005,0.0,0.0,-7688.385316693314,0.0,0.0,38.273592514338915,-0.00998862072652225,0.0,0.0,0.9999501124836087
9.900000000000006,0.0,0.0,-7688.385316693314,0.0,0.0,37.73787200965695,-0.01850148648189,0.0,0.0,0.9998288328498837
9.950000000000006,0.0,0.0,-7688.385316693314,0.0,0.0,37.2033727960178,-0.02701301118305802,0.0,0.0,0.9996350820308498
10.000000000000007,0.0,0.0,-7688.385316693314,0.0,0.0,36.6700706199413,-0.03552257788414155,0.0,0.0,0.999368874070263
10.050000000000008,0.0,0.0,-7688.385316693314,0.0,0.0,36.13794142651668,-0.04402956978117874,0.0,0.0,0.9990302282638319
10.100000000000009,0.0,0.0,-7688.385316693314,0.0,0.0,35.60696135478409,-0.052533370256838775,0.0,0.0,0.9986191691578217
10.15000000000001,0.0,0.0,-7688.385316693314,0.0,0.0,35.0771067331862,-0.06103336292511648,0.0,0.0,0.9981357265472722
10.20000000000001,0.0,0.0,-7688.385316693314,0.0,0.0,34.548354075088106,-0.06952893167601032,0.0,0.0,0.9975799354738409
10.25000000000001,0.0,0.0,-7688.385316693314,0.0,0.0,34.02068007436358,-0.07801946072018011,0.0,0.0,0.9969518362232612
10.300000000000011,0.0,0.0,-7688.385316693314,0.0,0.0,33.49406160104587,-0.08650433463358176,0.0,0.0,0.9962514743224229
10.350000000000012,0.0,0.0,-7688.385316693314,0.0,0.0,32.968475697041185,-0.09498293840207535,0.0,0.0,0.9954789005360725
10.400000000000013,0.0,0.0,-7688.385316693314,0.0,0.0,32.44389957190319,-0.10345465746600355,0.0,0.0,0.994634170863133
10.450000000000014,0.0,0.0,-7688.385316693314,0.0,0.0,31.92031059866671,-0.11191887776473723,0.0,0.0,0.9937173465326455
10.500000000000014,0.0,0.0,-7688.385316693314,0.0,0.0,31.39768630973905,-0.12037498578118472,0.0,0.0,0.9927284939993309
10.550000000000015,0.0,0.0,-7688.385316693314,0.0,0.0,30.87600439284715,-0.1288223685862615,0.0,0.0,0.9916676849387729
10.600000000000016,0.0,0.0,-7688.385316693314,0.0,0.0,30.355242687039087,-0.13726041388331794,0.0,0.0,0.9905349962422227
10.650000000000016,0.0,0.0,-7688.385316693314,0.0,0.0,29.835379178738275,-0.14568851005252056,0.0,0.0,0.9893305100110259
10.700000000000017,0.0,0.0,-7688.385316693314,0.0,0.0,29.31639199784882,-0.15410604619518414,0.0,0.0,0.988054313550671
10.750000000000018,0.0,0.0,-7688.385316693314,0.0,0.0,28.79825941391053,-0.16251241217805226,0.0,0.0,0.986706499364462
10.800000000000018,0.0,0.0,-7688.385316693314,0.0,0.0,28.280959832302056,-0.1709069986775219,0.0,0.0,0.9852871651468122
10.85000000000002,0.0,0.0,-7688.385316693314,0.0,0.0,27.764471790490763,-0.1792891972238092,0.0,0.0,0.9837964137761643
10.90000000000002,0.0,0.0,-7688.385316693314,0.0,0.0,27.248773954327824,-0.18765840024505373,0.0,0.0,0.9822343533075327
10.95000000000002,0.0,0.0,-7688.385316693314,0.0,0.0,26.733845114387197,-0.19601400111135722,0.0,0.0,0.9806010969646713
11.000000000000021,0.0,0.0,-7688.385316693314,0.0,0.0,26.21966418234707,-0.20435539417875465,0.0,0.0,0.9788967631318667
11.050000000000022,0.0,0.0,-7688.385316693314,0.0,0.0,25.706210187412424,-0.21268197483311327,0.0,0.0,0.977121475345357
11.100000000000023,0.0,0.0,-7688.385316693314,0.0,0.0,25.1934622727774,-0.22099313953395708,0.0,0.0,0.9752753622843781
11.150000000000023,0.0,0.0,-7688.385316693314,0.0,0.0,24.68139969212615,-0.22928828585821395,0.0,0.0,0.9733585577618362
11.200000000000024,0.0,0.0,-7688.385316693314,0.0,0.0,24.170001806170895,-0.23756681254388118,0.0,0.0,0.9713712007146085
11.250000000000025,0.0,0.0,-7688.385316693314,0.0,0.0,23.65924807922592,-0.2458281195336071,0.0,0.0,0.9693134351934726
11.300000000000026,0.0,0.0,-7688.385316693314,0.0,0.0,23.149118075816293,-0.2540716080181855,0.0,0.0,0.9671854103526653
11.350000000000026,0.0,0.0,-7688.385316693314,0.0,0.0,22.63959145732002,-0.2622966804799593,0.0,0.0,0.964987280439071
11.400000000000027,0.0,0.0,-7688.385316693314,0.0,0.0,22.13064797864254,-0.27050274073613123,0.0,0.0,0.9627192047810419
11.450000000000028,0.0,0.0,-7688.385316693314,0.0,0.0,21.622267484922276,-0.2786891939819766,0.0,0.0,0.9603813477768487
11.500000000000028,0.0,0.0,-7688.385316693314,0.0,0.0,21.114429908266136,-0.28685544683395764,0.0,0.0,0.957973878882765
11.55000000000003,0.0,0.0,-7688.385316693314,0.0,0.0,20.607115264513798,-0.2950009073727334,0.0,0.0,0.9554969726007843
11.60000000000003,0.0,0.0,-7688.385316693314,0.0,0.0,20.100303650029655,-0.3031249851860647,0.0,0.0,0.9529508084659711
11.65000000000003,0.0,0.0,-7688.385316693314,0.0,0.0,19.593975238521303,-0.31122709141160865,0.0,0.0,0.9503355710334482
11.700000000000031,0.0,0.0,-7688.385316693314,0.0,0.0,19.088110277883448,-0.31930663877960264,0.0,0.0,0.9476514498650188
11.750000000000032,0.0,0.0,-7688.385316693314,0.0,0.0,18.582689087066207,-0.3273630416554307,0.0,0.0,0.944898639515427
11.800000000000033,0.0,0.0,-7688.385316693314,0.0,0.0,18.077692052966654,-0.3353957160820727,0.0,0.0,0.942077339518255
11.850000000000033,0.0,0.0,-7688.385316693314,0.0,0.0,17.573099627342625,-0.34340407982243193,0.0,0.0,0.9391877543714615
11.900000000000034,0.0,0.0,-7688.385316693314,0.0,0.0,17.068892323747676,-0.35138755240153746,0.0,0.0,0.9362300935225575
11.950000000000035,0.0,0.0,-7688.385316693314,0.0,0.0,16.5650507144862,-0.35934555514861927,0.0,0.0,0.9332045713534256
12.000000000000036,0.0,0.0,-7688.385316693314,0.0,0.0,16.061555427587678,-0.36727751123905217,0.0,0.0,0.9301114071647805
12.050000000000036,0.0,0.0,-7688.385316693314,0.0,0.0,15.558387143799003,-0.3751828457361658,0.0,0.0,0.9269508251602737
12.100000000000037,0.0,0.0,-7688.385316693314,0.0,0.0,15.055526593593962,-0.3830609856329195,0.0,0.0,0.9237230544302423
12.150000000000038,0.0,0.0,-7688.385316693314,0.0,0.0,14.552954554198802,-0.3909113598934339,0.0,0.0,0.920428328935103
12.200000000000038,0.0,0.0,-7688.385316693314,0.0,0.0,14.05065184663294,-0.3987333994943832,0.0,0.0,0.917066887488395
12.250000000000039,0.0,0.0,-7688.385316693314,0.0,0.0,13.548599332763834,-0.4065265374662398,0.0,0.0,0.9136389737394689
12.30000000000004,0.0,0.0,-7688.385316693314,0.0,0.0,13.046777912375045,-0.41429020893436946,0.0,0.0,0.9101448361558266
12.35000000000004,0.0,0.0,-7688.385316693314,0.0,0.0,12.545168520246534,-0.422023851159976,0.0,0.0,0.9065847280051117
12.400000000000041,0.0,0.0,-7688.385316693314,0.0,0.0,12.043752123246234,-0.42972690358089066,0.0,0.0,0.9029589073367512
12.450000000000042,0.0,0.0,-7688.385316693314,0.0,0.0,11.542509717431965,-0.4373988078522039,0.0,0.0,0.8992676369632517
12.500000000000043,0.0,0.0,-7688.385316693314,0.0,0.0,11.041422325162742,-0.4450390078867356,0.0,0.0,0.8955111844411493
12.550000000000043,0.0,0.0,-7688.385316693314,0.0,0.0,10.540470992218534,-0.45264694989534293,0.0,0.0,0.8916898220516162
12.600000000000044,0.0,0.0,-7688.385316693314,0.0,0.0,10.039636784927565,-0.46022208242706036,0.0,0.0,0.8878038267807252
12.650000000000045,0.0,0.0,-7688.385316693314,0.0,0.0,9.538900787300213,-0.4677638564090711,0.0,0.0,0.8838534802993728
12.700000000000045,0.0,0.0,-7688.385316693314,0.0,0.0,9.038244098168594,-0.47527172518650634,0.0,0.0,0.8798390689428619
12.750000000000046,0.0,0.0,-7688.385316693314,0.0,0.0,8.53764782833092,-0.4827451445620676,0.0,0.0,0.8757608836901476
12.800000000000047,0.0,0.0,-7688.385316693314,0.0,0.0,8.037093097699707,-0.49018357283547326,0.0,0.0,0.871619220142747
12.850000000000048,0.0,0.0,-7688.385316693314,0.0,0.0,7.536561032452938,-0.4975864708427224,0.0,0.0,0.8674143785033105
12.900000000000048,0.0,0.0,-7688.385316693314,0.0,0.0,7.036032762187278,-0.5049533019951752,0.0,0.0,0.8631466635538653
12.950000000000049,0.0,0.0,-7688.385316693314,0.0,0.0,6.535489417072451,-0.5122835323184473,0.0,0.0,0.8588163846337203
13.00000000000005,0.0,0.0,-7688.385316693314,0.0,0.0,6.034912125005905,-0.5195766304911138,0.0,0.0,0.8544238556170471
13.05000000000005,0.0,0.0,-7688.385316693314,0.0,0.0,5.534282008766921,-0.5268320678832216,0.0,0.0,0.8499693948901269
13.100000000000051,0.0,0.0,-7688.385316693314,0.0,0.0,5.033580183169379,-0.534049318594606,0.0,0.0,0.8454533253282746
13.150000000000052,0.0,0.0,-7688.385316693314,0.0,0.0,4.532787752212491,-0.5412278594930101,0.0,0.0,0.8408759742724337
13.200000000000053,0.0,0.0,-7688.385316693314,0.0,0.0,4.031885806229036,-0.5483671702520035,0.0,0.0,0.8362376735054514
13.250000000000053,0.0,0.0,-7688.385316693314,0.0,0.0,3.5308554190311607,-0.5554667333886973,0.0,0.0,0.831538759228029
13.300000000000054,0.0,0.0,-7688.385316693314,0.0,0.0,3.0296776450550773,-0.5625260343012528,0.0,0.0,0.8267795720343516
13.350000000000055,0.0,0.0,-7688.385316693314,0.0,0.0,2.5283335165095817,-0.5695445613061821,0.0,0.0,0.821960456887403
13.400000000000055,0.0,0.0,-7688.385316693314,0.0,0.0,2.02680404054489,-0.5765218056754364,0.0,0.0,0.8170817630939602
13.450000000000056,0.0,0.0,-7688.385316693314,0.0,0.0,1.5250701965042732,-0.5834572616732807,0.0,0.0,0.8121438442792736
13.500000000000057,0.0,0.0,-7688.385316693314,0.0,0.0,1.0231129335712446,-0.5903504265929511,0.0,0.0,0.8071470583614367
13.550000000000058,0.0,0.0,-7688.385316693314,0.0,0.0,0.5209131716034325,-0.5972008007930936,0.0,0.0,0.802091767525442
13.600000000000058,0.0,0.0,-7688.385316693314,0.0,0.0,0.018454785273058882,-0.6040078877339785,0.0,0.0,0.7969783381969283
