t,w1,w2,w3,v1,v2,v3,qw,qx,qy,qz
0.0,0.0,0.0,0.0,0.0,0.0,0.0,1.0,0.0,0.0,0.0
0.05,0.0,0.0,8.75e-14,0.0,0.0,-0.49050000000000005,1.0,0.0,0.0,0.0
0.1,0.0,0.0,2.1051821875000008e-08,0.0,0.0,4.107355849883071,1.0,0.0,0.0,2.1875e-15
0.15000000000000002,0.0,0.0,1.4972094661622598e-06,0.0,0.0,8.96208181202229,1.0,0.0,0.0,5.262977343750002e-10
0.2,0.0,0.0,8.525114214133076e-06,0.0,0.0,14.020092388067738,0.9999999999999993,0.0,0.0,3.7956534388431466e-08
0.25,0.0,0.0,2.5724375976504134e-05,0.0,0.0,19.161853507073417,0.9999999999999686,0.0,0.0,2.5108438974175256e-07
0.3,0.0,0.0,5.785233117382654e-05,0.0,0.0,24.2487592274054,0.9999999999996002,0.0,0.0,8.941937891541505e-07
0.35,0.0,0.0,0.00010930253461733593,0.0,0.0,29.23396217747839,0.9999999999972611,0.0,0.0,2.3405020684967884e-06
0.39999999999999997,0.0,0.0,0.0001840821823568317,0.0,0.0,34.143168011068504,0.9999999999871321,0.0,0.0,5.073065433903763e-06
0.44999999999999996,0.0,0.0,0.0002860858256046362,0.0,0.0,39.054838797788186,0.999999999953196,0.0,0.0,9.67511999266288e-06
0.49999999999999994,0.0,0.0,0.0004195478636252431,0.0,0.0,43.96743318652538,0.9999999998584217,0.0,0.0,1.6827265632013656e-05
0.5499999999999999,0.0,0.0,0.0005886971920512558,0.0,0.0,48.878856167246546,0.9999999996269192,0.0,0.0,2.7315962219657205e-05
0.6,0.0,0.0,0.0007977471679078637,0.0,0.0,53.7775826805916,0.9999999991165971,0.0,0.0,4.2033392010895535e-05
0.65,0.0,0.0,0.0010507996529050521,0.0,0.0,58.661644074293335,0.9999999980794214,0.0,0.0,6.197707117864813e-05
0.7000000000000001,0.0,0.0,0.0013519036454737211,0.0,0.0,63.54099811677408,0.9999999961062281,0.0,0.0,8.824706242037065e-05
0.7500000000000001,0.0,0.0,0.0017051812592078614,0.0,0.0,68.41450316077793,0.9999999925525513,0.0,0.0,0.00012204465335590916
0.8000000000000002,0.0,0.0,0.00211472888053477,0.0,0.0,73.30946401383534,0.9999999864412065,0.0,0.0,0.00016467418436899516
0.8500000000000002,0.0,0.0,0.002584978163096904,0.0,0.0,78.22759945381048,0.9999999763376508,0.0,0.0,0.0002175424053615143
0.9000000000000002,0.0,0.0,0.0031204394283611625,0.0,0.0,83.14193876566301,0.9999999601909316,0.0,0.0,0.00028216685732056093
0.9500000000000003,0.0,0.0,0.003725290351848573,0.0,0.0,88.04974325136769,0.9999999351359603,0.0,0.0,0.00036017783882807573
1.0000000000000002,0.0,0.0,0.004403656614516353,0.0,0.0,92.91159968611697,0.9999998972549762,0.0,0.0,0.0004533100896174363
1.0500000000000003,0.0,0.0,0.005159006083274263,0.0,0.0,97.72403604111484,0.9999998412893678,0.0,0.0,0.0005634014902547532
1.1000000000000003,0.0,0.0,0.005994629965126211,0.0,0.0,102.60929410235138,0.9999997603072821,0.0,0.0,0.0006923766161081814
1.1500000000000004,0.0,0.0,0.00691588834837971,0.0,0.0,107.43558032608561,0.9999996453138744,0.0,0.0,0.0008422423198563349
1.2000000000000004,0.0,0.0,0.007925848691467454,0.0,0.0,112.38637384991429,0.9999994847458136,0.0,0.0,0.001015139452068579
1.2500000000000004,0.0,0.0,0.009031034681429065,0.0,0.0,117.18028221298377,0.9999992639688242,0.0,0.0,0.0012132855434416358
1.3000000000000005,0.0,0.0,0.010232516303724085,0.0,0.0,121.9111215463306,0.9999989645508842,0.0,0.0,0.001439061207621399
1.3500000000000005,0.0,0.0,0.011532969440021452,0.0,0.0,126.59996373913185,0.9999985637003782,0.0,0.0,0.001694873794876776
1.4000000000000006,0.0,0.0,0.012935380136749533,0.0,0.0,131.41529251865578,0.9999980334618364,0.0,0.0,0.0019831975343248594
1.4500000000000006,0.0,0.0,0.014446503308766371,0.0,0.0,135.96704471304525,0.9999973398378585,0.0,0.0,0.002306581281187339
1.5000000000000007,0.0,0.0,0.016064119068053807,0.0,0.0,140.46164980072572,0.9999964415680342,0.0,0.0,0.0026677427291674125
1.5500000000000007,0.0,0.0,0.017790448136306206,0.0,0.0,144.89776015917118,0.9999952895525207,0.0,0.0,0.0030693440292723973
1.6000000000000008,0.0,0.0,0.019627542215068867,0.0,0.0,149.34780124016768,0.9999938255217283,0.0,0.0,0.0035141027900890023
1.6500000000000008,0.0,0.0,0.02157920921699272,0.0,0.0,153.90278758172727,0.9999919808050504,0.0,0.0,0.004004787833593017
1.7000000000000008,0.0,0.0,0.02365174016930502,0.0,0.0,157.987646445376,0.9999896747832404,0.0,0.0,0.004544263076542036
1.7500000000000009,0.0,0.0,0.025835748606960567,0.0,0.0,161.61806760919572,0.9999868129783184,0.0,0.0,0.005135549577775157
1.800000000000001,0.0,0.0,0.02812128358759949,0.0,0.0,164.3675008729951,0.9999832873732842,0.0,0.0,0.005781433569589425
1.850000000000001,0.0,0.0,0.03048524268021997,0.0,0.0,165.90643024906353,0.999978975718127,0.0,0.0,0.006484452307283094
1.900000000000001,0.0,0.0,0.032893675245131364,0.0,0.0,166.55247338329673,0.9999737433013572,0.0,0.0,0.007246565246469407
1.950000000000001,0.0,0.0,0.035320901304352066,0.0,0.0,166.30456062243098,0.9999674460352403,0.0,0.0,0.008068882807339655
2.000000000000001,0.0,0.0,0.0377409069067738,0.0,0.0,165.4783365003508,0.9999599311812093,0.0,0.0,0.008951873104048122
2.0500000000000007,0.0,0.0,0.04013692639381709,0.0,0.0,164.03717728923155,0.9999510397903479,0.0,0.0,0.009895353566284243
2.1000000000000005,0.0,0.0,0.042491393503043734,0.0,0.0,162.6130947641454,0.9999406071644128,0.0,0.0,0.0108987221115898
2.1500000000000004,0.0,0.0,0.044805157629648866,0.0,0.0,161.20573291592387,0.9999284654331472,0.0,0.0,0.011960937108404875
2.2,0.0,0.0,0.04707904535817038,0.0,0.0,159.81474535354315,0.999914440350784,0.0,0.0,0.013080977714931673
2.25,0.0,0.0,0.04931386123109444,0.0,0.0,158.43979497870876,0.9998983517864398,0.0,0.0,0.014257843271722817
2.3,0.0,0.0,0.05151038848656028,0.0,0.0,157.08055367355763,0.9998800141900144,0.0,0.0,0.015490552713729816
2.3499999999999996,0.0,0.0,0.05366938976660703,0.0,0.0,155.7367020008637,0.9998592370348314,0.0,0.0,0.016778144001198994
2.3999999999999995,0.0,0.0,0.05579160779732879,0.0,0.0,154.40792891616604,0.9998358252382034,0.0,0.0,0.01811967356882004
2.4499999999999993,0.0,0.0,0.05787776604223203,0.0,0.0,153.0939314912695,0.999809579561029,0.0,0.0,0.01951421579254954
2.499999999999999,0.0,0.0,0.05992856933002171,0.0,0.0,151.7944146485957,0.9997802969874756,0.0,0.0,0.020960862473549058
2.549999999999999,0.0,0.0,0.06194470445797882,0.0,0.0,150.50909090589107,0.999747771085744,0.0,0.0,0.02245872233869391
2.5999999999999988,0.0,0.0,0.06392684077203162,0.0,0.0,149.23768013082233,0.9997117923508575,0.0,0.0,0.024006920557125336
2.6499999999999986,0.0,0.0,0.06587563072456672,0.0,0.0,147.97990930501535,0.9996721485303632,0.0,0.0,0.025604598272334498
2.6999999999999984,0.0,0.0,0.06779171041097226,0.0,0.0,146.73551229711538,0.9996286249337961,0.0,0.0,0.0272509121492827
2.7499999999999982,0.0,0.0,0.06967570008585575,0.0,0.0,145.50422964446796,0.9995810047267,0.0,0.0,0.028945033936077183
2.799999999999998,0.0,0.0,0.07152820465983088,0.0,0.0,144.28580834304057,0.999529069209965,0.0,0.0,0.03068615003973695
2.849999999999998,0.0,0.0,0.0733498141777238,0.0,0.0,143.08000164522363,0.9994725980851971,0.0,0.0,0.03247346111559736
2.8999999999999977,0.0,0.0,0.07514110427900605,0.0,0.0,141.88656886516756,0.9994113697068043,0.0,0.0,0.03430618166991671
2.9499999999999975,0.0,0.0,0.07690263664122242,0.0,0.0,140.70527519132992,0.9993451613214369,0.0,0.0,0.03618353967526119
2.9999999999999973,0.0,0.0,0.07863495940714336,0.0,0.0,139.53589150592217,0.9992737492953973,0.0,0.0,0.03810477619825857
3.049999999999997,0.0,0.0,0.08033860759633671,0.0,0.0,138.37819421096128,0.9991969093305972,0.0,0.0,0.04006914503932351
3.099999999999997,0.0,0.0,0.08201410350181929,0.0,0.0,137.23196506064534,0.9991144166696108,0.0,0.0,0.04207591238397016
3.149999999999997,0.0,0.0,0.08366195707241733,0.0,0.0,136.0969909997861,0.9990260462903456,0.0,0.0,0.04412435646534012
3.1999999999999966,0.0,0.0,0.08528266628143447,0.0,0.0,134.9730640080442,0.9989315730908251,0.0,0.0,0.04621376723758529
3.2499999999999964,0.0,0.0,0.08687671748219743,0.0,0.0,133.85998094972481,0.9988307720645511,0.0,0.0,0.04834344605975717
3.2999999999999963,0.0,0.0,0.08844458575102274,0.0,0.0,132.75754342890318,0.9987234184668929,0.0,0.0,0.05051270538986498
3.349999999999996,0.0,0.0,0.08998673521812198,0.0,0.0,131.66555764966003,0.9986092879729235,0.0,0.0,0.052720868488775975
3.399999999999996,0.0,0.0,0.09150361938693913,0.0,0.0,130.5838342812176,0.9984881568271052,0.0,0.0,0.05496726913364187
3.4499999999999957,0.0,0.0,0.09299568144239027,0.0,0.0,129.5121883277763,0.9983598019852069,0.0,0.0,0.0572512513405453
3.4999999999999956,0.0,0.0,0.0944633545484546,0.0,0.0,128.4504390028617,0.9982240012488125,0.0,0.0,0.0595721690960704
3.5499999999999954,0.0,0.0,0.09590706213554454,0.0,0.0,127.39840960800024,0.9980805333927646,0.0,0.0,0.061929386097510704
3.599999999999995,0.0,0.0,0.09732721817806372,0.0,0.0,126.35592741554973,0.9979291782858728,0.0,0.0,0.06432227550143729
3.649999999999995,0.0,0.0,0.09872422746254254,0.0,0.0,125.32282355551999,0.9977697170051935,0.0,0.0,0.06675021968035881
3.699999999999995,0.0,0.0,0.10009848584672375,0.0,0.0,124.2989329062248,0.9976019319441788,0.0,0.0,0.0692126099872136
3.7499999999999947,0.0,0.0,0.10145038050995354,0.0,0.0,123.28409398861481,0.9974256069149737,0.0,0.0,0.07170884652744268
3.7999999999999945,0.0,0.0,0.10278029019521799,0.0,0.0,122.27814886414703,0.9972405272451295,0.0,0.0,0.07423833793840058
3.8499999999999943,0.0,0.0,0.10408858544314921,0.0,0.0,121.28094303605323,0.9970464798689855,0.0,0.0,0.07680050117586848
3.899999999999994,0.0,0.0,0.10537562881831172,0.0,0.0,120.29232535387573,0.9968432534139628,0.0,0.0,0.07939476130744216
3.949999999999994,0.0,0.0,0.10664177512806546,0.0,0.0,119.31214792114447,0.9966306382819974,0.0,0.0,0.08202055131257427
3.999999999999994,0.0,0.0,0.1078873716342892,0.0,0.0,118.34026600607541,0.9964084267263316,0.0,0.0,0.0846773118890577
4.049999999999994,0.0,0.0,0.10911275825823571,0.0,0.0,117.37653795517478,0.9961764129238745,0.0,0.0,0.08736449126574376
4.099999999999993,0.0,0.0,0.11031826777877819,0.0,0.0,116.42082510963944,0.9959343930433252,0.0,0.0,0.09008154502129544
4.149999999999993,0.0,0.0,0.11150422602429651,0.0,0.0,115.47299172444765,0.9956821653092491,0.0,0.0,0.0928279359087822
4.199999999999993,0.0,0.0,0.112670952058441,0.0,0.0,114.53290489003975,0.9954195300622899,0.0,0.0,0.09560313368592976
4.249999999999993,0.0,0.0,0.11381875836000171,0.0,0.0,113.60043445649177,0.9951462898156817,0.0,0.0,0.09840661495084331
4.299999999999993,0.0,0.0,0.11494795099710078,0.0,0.0,112.67545296008998,0.9948622493082293,0.0,0.0,0.101237862983029
4.3499999999999925,0.0,0.0,0.11605882979591742,0.0,0.0,111.7578355522174,0.9945672155539123,0.0,0.0,0.10409636758954458
4.399999999999992,0.0,0.0,0.1171516885041451,0.0,0.0,110.84745993046764,0.9942609978882554,0.0,0.0,0.1069816249561142
4.449999999999992,0.0,0.0,0.11822681494937332,0.0,0.0,109.94420627190473,0.9939434080116111,0.0,0.0,0.10989313750304905
4.499999999999992,0.0,0.0,0.11928449119257724,0.0,0.0,109.04795716839094,0.993614260029488,0.0,0.0,0.1128304137458198
4.549999999999992,0.0,0.0,0.12032499367689217,0.0,0.0,108.15859756390786,0.9932733704900513,0.0,0.0,0.1157929681601319
4.599999999999992,0.0,0.0,0.12134859337184142,0.0,0.0,107.27601469379917,0.992920558418918,0.0,0.0,0.11878032105135938
4.6499999999999915,0.0,0.0,0.12235555591318004,0.0,0.0,106.40009802586624,0.9925556453513655,0.0,0.0,0.12179199842819793
4.699999999999991,0.0,0.0,0.12334614173851001,0.0,0.0,105.53073920325076,0.992178455362062,0.0,0.0,0.12482753188040167
4.749999999999991,0.0,0.0,0.12432060621881616,0.0,0.0,104.66783198904098,0.9917888150924257,0.0,0.0,0.1278864584604731
4.799999999999991,0.0,0.0,0.1252791997860662,0.0,0.0,103.81127221254094,0.9913865537757149,0.0,0.0,0.1309683205691793
4.849999999999991,0.0,0.0,0.1262221680570125,0.0,0.0,102.96095771714435,0.9909715032599455,0.0,0.0,0.13407266584477157
4.899999999999991,0.0,0.0,0.12714975195332776,0.0,0.0,102.11678830975714,0.9905434980287251,0.0,0.0,0.13719904705579014
4.94999999999999,0.0,0.0,0.12806218781820147,0.0,0.0,101.27866571171491,0.9901023752200974,0.0,0.0,0.14034702199733828
4.99999999999999,0.0,0.0,0.12895970752951919,0.0,0.0,100.44649351114369,0.9896479746434754,0.0,0.0,0.14351615339071483
5.04999999999999,0.0,0.0,0.12984253860974154,0.0,0.0,99.62017711671427,0.9891801387947471,0.0,0.0,0.14670600878629667
5.09999999999999,0.0,0.0,0.13071090433259602,0.0,0.0,98.79962371274263,0.98869871286963,0.0,0.0,0.1499161604695674
5.14999999999999,0.0,0.0,0.13156502382668922,0.0,0.0,97.98474221559039,0.988203544775346,0.0,0.0,0.1531461853701902
5.1999999999999895,0.0,0.0,0.1324051121761441,0.0,0.0,97.17544323132138,0.9876944851406896,0.0,0.0,0.156395664974027
5.249999999999989,0.0,0.0,0.13323138051836192,0.0,0.0,96.37163901457204,0.987171387324553,0.0,0.0,0.1596641852380089
5.299999999999989,0.0,0.0,0.13404403613900548,0.0,0.0,95.57324342859462,0.9866341074229761,0.0,0.0,0.1629513365077663
5.349999999999989,0.0,0.0,0.13484328256429584,0.0,0.0,94.7801719064343,0.9860825042747786,0.0,0.0,0.16625671343792844
5.399999999999989,0.0,0.0,0.135629319650712,0.0,0.0,93.99234141320237,0.985516439465836,0.0,0.0,0.16957991491500696
5.449999999999989,0.0,0.0,0.1364023436721789,0.0,0.0,93.20967040940917,0.9849357773320551,0.0,0.0,0.17292054398277953
5.4999999999999885,0.0,0.0,0.13716254740482658,0.0,0.0,92.43207881532196,0.9843403849610989,0.0,0.0,0.17627820777009168
5.549999999999988,0.0,0.0,0.13791012020939974,0.0,0.0,91.65948797631401,0.9837301321929189,0.0,0.0,0.17965251742099936
5.599999999999988,0.0,0.0,0.13864524811139425,0.0,0.0,90.89182062917263,0.9831048916191374,0.0,0.0,0.18304308802717514
5.649999999999988,0.0,0.0,0.13936811387899425,0.0,0.0,90.12900086933489,0.9824645385813316,0.0,0.0,0.18644953856250482
5.699999999999988,0.0,0.0,0.1400788970988809,0.0,0.0,89.37095411902106,0.9818089511682621,0.0,0.0,0.18987149181980237
5.749999999999988,0.0,0.0,0.14077777424998103,0.0,0.0,88.61760709623688,0.981138010212088,0.0,0.0,0.19330857434957416
5.799999999999987,0.0,0.0,0.14146491877522155,0.0,0.0,87.86888778461662,0.9804515992836146,0.0,0.0,0.19676041640076541
5.849999999999987,0.0,0.0,0.1421405011513533,0.0,0.0,87.12472540408038,0.9797496046866073,0.0,0.0,0.20022665186342345
5.899999999999987,0.0,0.0,0.14280468895690523,0.0,0.0,86.38505038227946,0.9790319154512148,0.0,0.0,0.20370691821321465
5.949999999999987,0.0,0.0,0.14345764693832827,0.0,0.0,85.64979432680501,0.9782984233265337,0.0,0.0,0.20720085645773403
5.999999999999987,0.0,0.0,0.14409953707438536,0.0,0.0,84.9188899981358,0.9775490227723528,0.0,0.0,0.21070811108454782
6.0499999999999865,0.0,0.0,0.14473051863884295,0.0,0.0,84.19227128330206,0.9767836109501099,0.0,0.0,0.21422833001091207
6.099999999999986,0.0,0.0,0.14535074826151656,0.0,0.0,83.46987317024286,0.976002087713091,0.0,0.0,0.21776116453511093
6.149999999999986,0.0,0.0,0.1459603799877215,0.0,0.0,82.75163172283551,0.9752043555959052,0.0,0.0,0.2213062692893607
6.199999999999986,0.0,0.0,0.14655956533617828,0.0,0.0,82.03748405657613,0.9743903198032642,0.0,0.0,0.22486330219422773
6.249999999999986,0.0,0.0,0.14714845335541993,0.0,0.0,81.32736831489137,0.9735598881980935,0.0,0.0,0.22843192441450838
6.299999999999986,0.0,0.0,0.1477271906787472,0.0,0.0,80.62122364606178,0.9727129712890057,0.0,0.0,0.2320118003165229
6.349999999999985,0.0,0.0,0.14829592157777619,0.0,0.0,79.91899018073813,0.9718494822171575,0.0,0.0,0.2356025974267744
6.399999999999985,0.0,0.0,0.1488547880146207,0.0,0.0,79.2206090100327,0.9709693367425207,0.0,0.0,0.2392039863919274
6.449999999999985,0.0,0.0,0.14940392969275126,0.0,0.0,78.52602216416791,0.9700724532295861,0.0,0.0,0.2428156409400604
6.499999999999985,0.0,0.0,0.1499434841065699,0.0,0.0,77.83517259166557,0.9691587526325286,0.0,0.0,0.24643723784314975
6.549999999999985,0.0,0.0,0.15047358658974017,0.0,0.0,77.14800413906042,0.9682281584798518,0.0,0.0,0.2500684568807413
6.5999999999999845,0.0,0.0,0.1509943703623087,0.0,0.0,76.46446153112225,0.9672805968585355,0.0,0.0,0.2537089808047701
6.649999999999984,0.0,0.0,0.1515059665766551,0.0,0.0,75.78449035157135,0.9663159963977078,0.0,0.0,0.25735849530548816
6.699999999999984,0.0,0.0,0.15200850436230426,0.0,0.0,75.10803702427263,0.9653342882518582,0.0,0.0,0.2610166889784607
6.749999999999984,0.0,0.0,0.15250211086963522,0.0,0.0,74.43504879489426,0.9643354060836136,0.0,0.0,0.2646832532925951
6.799999999999984,0.0,0.0,0.15298691131251882,0.0,0.0,73.76547371301693,0.9633192860460966,0.0,0.0,0.2683578825591656
6.849999999999984,0.0,0.0,0.15346302900991557,0.0,0.0,73.09926061468077,0.9622858667648793,0.0,0.0,0.27204027390179775
6.8999999999999835,0.0,0.0,0.1539305854264642,0.0,0.0,72.43635910535679,0.9612350893195548,0.0,0.0,0.2757301272273805
6.949999999999983,0.0,0.0,0.15438970021209023,0.0,0.0,71.77671954333056,0.9601668972249399,0.0,0.0,0.279427145197871
6.999999999999983,0.0,0.0,0.1548404912406629,0.0,0.0,71.12029302348618,0.9590812364119238,0.0,0.0,0.28313103320296074
7.049999999999983,0.0,0.0,0.15528307464772823,0.0,0.0,70.46703136147889,0.9579780552079824,0.0,0.0,0.2868414993335726
7.099999999999983,0.0,0.0,0.15571756486734445,0.0,0.0,69.81688707828492,0.956857304317369,0.0,0.0,0.29055825435615795
7.149999999999983,0.0,0.0,0.15614407466804586,0.0,0.0,69.16981338511808,0.9557189368009961,0.0,0.0,0.29428101168776394
7.199999999999982,0.0,0.0,0.15656271518795992,0.0,0.0,68.52576416870211,0.9545629080560225,0.0,0.0,0.29800948737184424
7.249999999999982,0.0,0.0,0.15697359596910157,0.0,0.0,67.88469397688905,0.9533891757951619,0.0,0.0,0.30174340005478456
7.299999999999982,0.0,0.0,0.15737682499086847,0.0,0.0,67.24655800461342,0.9521977000257188,0.0,0.0,0.30548247096311637
7.349999999999982,0.0,0.0,0.1577725087027594,0.0,0.0,66.61131208017282,0.9509884430283708,0.0,0.0,0.3092264238813935
7.399999999999982,0.0,0.0,0.15816075205633812,0.0,0.0,65.97891265182575,0.9497613693357057,0.0,0.0,0.31297498513070565
7.4499999999999815,0.0,0.0,0.15854165853646338,0.0,0.0,65.34931677469754,0.9485164457105251,0.0,0.0,0.31672788354780584
7.499999999999981,0.0,0.0,0.15891533019180634,0.0,0.0,64.7224820979859,0.9472536411239271,0.0,0.0,0.32048485046482655
7.549999999999981,0.0,0.0,0.1592818676646747,0.0,0.0,64.0983668524575,0.9459729267331763,0.0,0.0,0.32424561968956295
7.599999999999981,0.0,0.0,0.159641370220163,0.0,0.0,63.476929838227605,0.9446742758593737,0.0,0.0,0.32800992748630037
7.649999999999981,0.0,0.0,0.15999393577464813,0.0,0.0,62.85813041281473,0.9433576639649355,0.0,0.0,0.3317775125571648
7.699999999999981,0.0,0.0,0.16033966092364765,0.0,0.0,62.2419284794628,0.942023068630891,0.0,0.0,0.3355481160239758
7.7499999999999805,0.0,0.0,0.16067864096905887,0.0,0.0,61.62828447572328,0.9406704695340071,0.0,0.0,0.33932148141058016
7.79999999999998,0.0,0.0,0.16101096994579567,0.0,0.0,61.01715936229016,0.939299848423751,0.0,0.0,0.3430973546256492
7.84999999999998,0.0,0.0,0.16133674064783943,0.0,0.0,60.40851461208084,0.9379111890990987,0.0,0.0,0.34687548394591816
7.89999999999998,0.0,0.0,0.16165604465372024,0.0,0.0,59.80231219955607,0.9365044773851966,0.0,0.0,0.35065561999985073
7.94999999999998,0.0,0.0,0.1619689723514439,0.0,0.0,59.198514590272445,0.935079701109887,0.0,0.0,0.35443751575171073
7.99999999999998,0.0,0.0,0.16227561296287968,0.0,0.0,58.59708473066116,0.9336368500801023,0.0,0.0,0.3582209264860227
8.04999999999998,0.0,0.0,0.16257605456762375,0.0,0.0,57.997986038026696,0.9321759160581379,0.0,0.0,0.3620056097924057
8.09999999999998,0.0,0.0,0.16287038412635213,0.0,0.0,57.40118239075961,0.9306968927378104,0.0,0.0,0.3657913255507632
8.14999999999998,0.0,0.0,0.16315868750367715,0.0,0.0,56.8066381187575,0.9291997757205089,0.0,0.0,0.36957783591681437
8.199999999999982,0.0,0.0,0.16344104949052077,0.0,0.0,56.21431799404859,0.9276845624911445,0.0,0.0,0.3733649053079494
8.249999999999982,0.0,0.0,0.16371755382601766,0.0,0.0,55.624187221612445,0.9261512523940063,0.0,0.0,0.3771523003893964
8.299999999999983,0.0,0.0,0.16398828321896083,0.0,0.0,55.036211430392406,0.9245998466085324,0.0,0.0,0.38093979006068446
8.349999999999984,0.0,0.0,0.16425331936880178,0.0,0.0,54.450356664494734,0.9230303481249963,0.0,0.0,0.3847271454423878
8.399999999999984,0.0,0.0,0.1645127429862172,0.0,0.0,53.866589374569365,0.9214427617201215,0.0,0.0,0.38851413986313993
8.449999999999985,0.0,0.0,0.16476663381325396,0.0,0.0,53.28487640936738,0.9198370939326262,0.0,0.0,0.3923005488469025
8.499999999999986,0.0,0.0,0.1650150706430631,0.0,0.0,52.70518500747055,0.9182133530387053,0.0,0.0,0.3960861501004777
8.549999999999986,0.0,0.0,0.16525813133923437,0.0,0.0,52.12748278918829,0.9165715490274539,0.0,0.0,0.3998707235012505
8.599999999999987,0.0,0.0,0.16549589285474137,0.0,0.0,51.5517377486176,0.9149116935762415,0.0,0.0,0.4036540510851511
8.649999999999988,0.0,0.0,0.16572843125050782,0.0,0.0,50.97791824586158,0.9132338000260356,0.0,0.0,0.4074359170348225
8.699999999999989,0.0,0.0,0.16595582171360498,0.0,0.0,50.40599299940245,0.9115378833566882,0.0,0.0,0.41121610766798633
8.74999999999999,0.0,0.0,0.16617813857508987,0.0,0.0,49.83593107862478,0.9098239601621813,0.0,0.0,0.41499441142599214
8.79999999999999,0.0,0.0,0.16639545532749378,0.0,0.0,49.267701896485114,0.9080920486258444,0.0,0.0,0.4187706188625431
8.84999999999999,0.0,0.0,0.16660784464197037,0.0,0.0,48.70127520232402,0.906342168495542,0.0,0.0,0.4225445226325845
8.899999999999991,0.0,0.0,0.16681537838511196,0.0,0.0,48.1366210748168,0.9045743410588405,0.0,0.0,0.426315917481349
8.949999999999992,0.0,0.0,0.16701812763544324,0.0,0.0,47.573709915059254,0.9027885891181561,0.0,0.0,0.430084600233546
8.999999999999993,0.0,0.0,0.16721616269960043,0.0,0.0,47.01251243978482,0.9009849369658882,0.0,0.0,0.4338503697826873
9.049999999999994,0.0,0.0,0.16740955312820427,0.0,0.0,46.452999674709766,0.8991634103595443,0.0,0.0,0.43761302708054034
9.099999999999994,0.0,0.0,0.16759836773143488,0.0,0.0,45.8951429480029,0.8973240364968587,0.0,0.0,0.4413723751267
9.149999999999995,0.0,0.0,0.16778267459431642,0.0,0.0,45.33891388387663,0.8954668439909085,0.0,0.0,0.4451282189582703
9.199999999999996,0.0,0.0,0.16796254109171876,0.0,0.0,44.78428439629608,0.8935918628452337,0.0,0.0,0.44888036563964906
9.249999999999996,0.0,0.0,0.168138033903084,0.0,0.0,44.23122668280326,0.8916991244289604,0.0,0.0,0.45262862425240585
9.299999999999997,0.0,0.0,0.16830921902688473,0.0,0.0,43.6797132184531,0.8897886614519347,0.0,0.0,0.4563728058852481
9.349999999999998,0.0,0.0,0.16847616179482128,0.0,0.0,43.12971674985855,0.8878605079398699,0.0,0.0,0.460112723624066
9.399999999999999,0.0,0.0,0.16863892688576454,0.0,0.0,42.58121028934174,0.8859146992095083,0.0,0.0,0.4638481925420499
9.45,0.0,0.0,0.16879757833945125,0.0,0.0,42.03416710918847,0.8839512718438025,0.0,0.0,0.4675790296898735
9.5,0.0,0.0,0.16895217956993802,0.0,0.0,41.48856073600328,0.8819702636671217,0.0,0.0,0.4713050540859368
9.55,0.0,0.0,0.1691027933788207,0.0,0.0,40.944364945162384,0.879971713720479,0.0,0.0,0.4750260867066601
9.600000000000001,0.0,0.0,0.16924948196822492,0.0,0.0,40.40155375536197,0.877955662236792,0.0,0.0,0.4787419504768263
9.650000000000002,0.0,0.0,0.16939230695357407,0.0,0.0,39.86010142325922,0.875922150616172,0.0,0.0,0.4824524702599629
9.700000000000003,0.0,0.0,0.1695313293761404,0.0,0.0,39.31998243820371,0.8738712214012476,0.0,0.0,0.48615747284875865
9.750000000000004,0.0,0.0,0.16966660971538522,0.0,0.0,38.78117151705658,0.8718029182525278,0.0,0.0,0.4898567869555102
9.800000000000004,0.0,0.0,0.16979820790109332,0.0,0.0,38.24364359909538,0.8697172859238009,0.0,0.0,0.4935502432025916
9.850000000000005,0.0,0.0,0.1699261833253076,0.0,0.0,37.70737384100211,0.8676143702375787,0.0,0.0,0.4972376741129433
9.900000000000006,0.0,0.0,0.1700505948540688,0.0,0.0,37.17233761193227,0.8654942180605838,0.0,0.0,0.5009189141005745
9.950000000000006,0.0,0.0,0.17017150083896565,0.0,0.0,36.63851048866274,0.8633568772792841,0.0,0.0,0.5045937994610745
10.000000000000007,0.0,0.0,0.1702889591285006,0.0,0.0,36.10586825081638,0.8612023967754782,0.0,0.0,0.5082621683621277
10.050000000000008,0.0,0.0,0.1704030270792758,0.0,0.0,35.57438687616122,0.8590308264019295,0.0,0.0,0.511923860834029
10.100000000000009,0.0,0.0,0.1705137615670046,0.0,0.0,35.04404253598224,0.8568422169580566,0.0,0.0,0.5155787187601935
10.15000000000001,0.0,0.0,0.17062121899735266,0.0,0.0,34.514811590523756,0.8546366201656789,0.0,0.0,0.5192265858676586
10.20000000000001,0.0,0.0,0.17072545531661398,0.0,0.0,33.98667058450041,0.8524140886448193,0.0,0.0,0.5228673077175721
10.25000000000001,0.0,0.0,0.17082652602222567,0.0,0.0,33.45959624267498,0.8501746758895676,0.0,0.0,0.526500731695663
10.300000000000011,0.0,0.0,0.17092448617312642,0.0,0.0,32.93356546550103,0.8479184362440059,0.0,0.0,0.5301267070026936
10.350000000000012,0.0,0.0,0.17101939039996258,0.0,0.0,32.40855532482869,0.845645424878196,0.0,0.0,0.5337450846448847
10.400000000000013,0.0,0.0,0.1711112929151463,0.0,0.0,31.884543059671692,0.8433556977642347,0.0,0.0,0.5373557174243154
10.450000000000014,0.0,0.0,0.17120024752276963,0.0,0.0,31.361506072034032,0.8410493116523731,0.0,0.0,0.5409584599292901
10.500000000000014,0.0,0.0,0.17128630762837893,0.0,0.0,30.83942192279447,0.838726324047207,0.0,0.0,0.5445531685246715
10.550000000000015,0.0,0.0,0.17136952624861299,0.0,0.0,30.31826832764727,0.836386793183937,0.0,0.0,0.5481397013421763
10.600000000000016,0.0,0.0,0.17144995602070937,0.0,0.0,29.798023153097496,0.8340307780046987,0.0,0.0,0.5517179182706295
10.650000000000016,0.0,0.0,0.1715276492118822,0.0,0.0,29.278664412509325,0.8316583381349681,0.0,0.0,0.5552876809461766
10.700000000000017,0.0,0.0,0.1716026577285755,0.0,0.0,28.76017026220577,0.8292695338600411,0.0,0.0,0.5588488527424477
10.750000000000018,0.0,0.0,0.1716750331255952,0.0,0.0,28.242518997618312,0.8268644261015876,0.0,0.0,0.5624012987606732
10.800000000000018,0.0,0.0,0.17174482661512416,0.0,0.0,27.725689049484938,0.8244430763942843,0.0,0.0,0.5659448858197484
10.85000000000002,0.0,0.0,0.17181208907562268,0.0,0.0,27.209658980095092,0.8220055468625251,0.0,0.0,0.569479482446243
10.90000000000002,0.0,0.0,0.17187687106061883,0.0,0.0,26.69440747958014,0.8195519001972114,0.0,0.0,0.5730049588643542
10.95000000000002,0.0,0.0,0.17193922280739135,0.0,0.0,26.179913362247873,0.8170821996326217,0.0,0.0,0.5765211869858006
11.000000000000021,0.0,0.0,0.17199919424554866,0.0,0.0,25.666155562959744,0.8145965089233659,0.0,0.0,0.5800280403996556
11.050000000000022,0.0,0.0,0.17205683500550709,0.0,0.0,25.15311313354939,0.8120948923214186,0.0,0.0,0.5835253943621165
11.100000000000023,0.0,0.0,0.17211219442687165,0.0,0.0,24.64076523928115,0.8095774145532382,0.0,0.0,0.5870131257862078
11.150000000000023,0.0,0.0,0.17216532156672215,0.0,0.0,24.12909115534729,0.8070441407969703,0.0,0.0,0.5904911132314186
11.200000000000024,0.0,0.0,0.17221626520780817,0.0,0.0,23.618070263402554,0.8044951366597358,0.0,0.0,0.5939592368932679
11.250000000000025,0.0,0.0,0.1722650738666553,0.0,0.0,23.107682048134883,0.8019304681550053,0.0,0.0,0.5974173785928009
11.300000000000026,0.0,0.0,0.1723117958015861,0.0,0.0,22.597906093870968,0.7993502016800611,0.0,0.0,0.6008654217660107
11.350000000000026,0.0,0.0,0.17235647902065848,0.0,0.0,22.088722081215458,0.7967544039935448,0.0,0.0,0.604303251453185
11.400000000000027,0.0,0.0,0.17239917128952434,0.0,0.0,21.580109783722595,0.7941431421930957,0.0,0.0,0.607730754288177
11.450000000000028,0.0,0.0,0.1724399201392111,0.0,0.0,21.072049064599092,0.7915164836930757,0.0,0.0,0.6111478184875971
11.500000000000028,0.0,0.0,0.17247877287382943,0.0,0.0,20.564519873437092,0.7888744962023848,0.0,0.0,0.6145543338399249
11.55000000000003,0.0,0.0,0.1725157765782091,0.0,0.0,20.05750224297605,0.786217247702365,0.0,0.0,0.6179501916945392
11.60000000000003,0.0,0.0,0.17255097812546646,0.0,0.0,19.550976285892386,0.7835448064247971,0.0,0.0,0.6213352849506678
11.65000000000003,0.0,0.0,0.17258442418450548,0.0,0.0,19.04492219161582,0.7808572408299838,0.0,0.0,0.6247095080462478
11.700000000000031,0.0,0.0,0.17261616122745538,0.0,0.0,18.539320223171266,0.7781546195849284,0.0,0.0,0.6280727569467055
11.750000000000032,0.0,0.0,0.1726462355370474,0.0,0.0,18.034150714045182,0.7754370115416017,0.0,0.0,0.6314249291336459
11.800000000000033,0.0,0.0,0.17267469321393286,0.0,0.0,17.529394065075333,0.7727044857153015,0.0,0.0,0.6347659235934546
11.850000000000033,0.0,0.0,0.17270158018394563,0.0,0.0,17.025030741362887,0.7699571112631028,0.0,0.0,0.6380956408058104
11.900000000000034,0.0,0.0,0.17272694220531076,0.0,0.0,16.52104126920577,0.7671949574624024,0.0,0.0,0.6414139827321061
11.950000000000035,0.0,0.0,0.1727508248758024,0.0,0.0,16.017406233052313,0.7644180936895518,0.0,0.0,0.6447208528037786
12.000000000000036,0.0,0.0,0.17277327363985293,0.0,0.0,15.514106272474057,0.761626589398586,0.0,0.0,0.6480161559105434
12.050000000000036,0.0,0.0,0.17279433379561587,0.0,0.0,15.011122079156825,0.7588205141000411,0.0,0.0,0.6512997983885374
12.100000000000037,0.0,0.0,0.17281405050198498,0.0,0.0,14.508434393908948,0.7559999373398667,0.0,0.0,0.6545716880083632
12.150000000000038,0.0,0.0,0.17283246878557168,0.0,0.0,14.006024003685717,0.753164928678428,0.0,0.0,0.6578317339630388
12.200000000000038,0.0,0.0,0.17284963354764346,0.0,0.0,13.503871738629053,0.7503155576696026,0.0,0.0,0.6610798468558494
12.250000000000039,0.0,0.0,0.17286558957102513,0.0,0.0,13.001958469121414,0.7474518938399657,0.0,0.0,0.6643159386880979
12.30000000000004,0.0,0.0,0.1728803815269655,0.0,0.0,12.500265102852973,0.74457400666807,0.0,0.0,0.6675399228467587
12.35000000000004,0.0,0.0,0.17289405398197163,0.0,0.0,11.998772581901118,0.741681965563816,0.0,0.0,0.6707517140920284
12.400000000000041,0.0,0.0,0.17290665140461295,0.0,0.0,11.497461879821298,0.7387758398479124,0.0,0.0,0.6739512285447753
12.450000000000042,0.0,0.0,0.17291821817229727,0.0,0.0,10.996313998748285,0.7358556987314282,0.0,0.0,0.6771383836738851
12.500000000000043,0.0,0.0,0.17292879857802118,0.0,0.0,10.495309966506902,0.7329216112954368,0.0,0.0,0.6803130982835041
12.550000000000043,0.0,0.0,0.17293843683709684,0.0,0.0,9.99443083373128,0.7299736464707473,0.0,0.0,0.6834752925001755
12.600000000000044,0.0,0.0,0.17294717709385724,0.0,0.0,9.493657670991723,0.7270118730177277,0.0,0.0,0.6866248877598708
12.650000000000045,0.0,0.0,0.17295506342834246,0.0,0.0,8.99297156592824,0.7240363595062168,0.0,0.0,0.6897618067949141
12.700000000000045,0.0,0.0,0.1729621398629687,0.0,0.0,8.492353620389835,0.7210471742955243,0.0,0.0,0.6928859736207971
12.750000000000046,0.0,0.0,0.1729684503691824,0.0,0.0,7.991784947578642,0.7180443855145198,0.0,0.0,0.6959973135228867
12.800000000000047,0.0,0.0,0.17297403887410162,0.0,0.0,7.491246669197975,0.7150280610418095,0.0,0.0,0.6990957530430222
12.850000000000048,0.0,0.0,0.17297894926714677,0.0,0.0,6.990719912603411,0.711998268485999,0.0,0.0,0.7021812199659995
12.900000000000048,0.0,0.0,0.17298322540666272,0.0,0.0,6.4901858079560055,0.7089550751660436,0.0,0.0,0.7052536433059454
12.950000000000049,0.0,0.0,0.17298691112653464,0.0,0.0,5.989625485376743,0.7058985480916832,0.0,0.0,0.7083129532925779
13.00000000000005,0.0,0.0,0.17299005024279945,0.0,0.0,5.489020072101387,0.7028287539439632,0.0,0.0,0.7113590813573522
13.05000000000005,0.0,0.0,0.17299268656025524,0.0,0.0,4.98835068963489,0.699745759055839,0.0,0.0,0.7143919601194905
13.100000000000051,0.0,0.0,0.17299486387907048,0.0,0.0,4.48759845090464,0.6966496293928635,0.0,0.0,0.7174115233718971
13.150000000000052,0.0,0.0,0.17299662600139543,0.0,0.0,3.986744457411942,0.6935404305339575,0.0,0.0,0.7204177060669544
13.200000000000053,0.0,0.0,0.17299801673797768,0.0,0.0,3.485769796381529,0.6904182276522627,0.0,0.0,0.7234104443022015
13.250000000000053,0.0,0.0,0.1729990799147841,0.0,0.0,2.9846555379096906,0.6872830854960729,0.0,0.0,0.7263896753058912
13.300000000000054,0.0,0.0,0.1729998593796311,0.0,0.0,2.4833827321138395,0.6841350683698476,0.0,0.0,0.7293553374224281
13.350000000000055,0.0,0.0,0.1730003990088256,0.0,0.0,1.9819324062928896,0.6809742401153036,0.0,0.0,0.7323073700976829
13.400000000000055,0.0,0.0,0.17300074271381863,0.0,0.0,1.4802855621309519,0.677800664092583,0.0,0.0,0.7352457138641839
13.450000000000056,0.0,0.0,0.17300093444787384,0.0,0.0,0.9784231730805933,0.6746144031614995,0.0,0.0,0.7381703103261832
13.500000000000057,0.0,-2.252286247825313e-08,0.1730010182127531,-3.5338362599861444e-07,0.0,0.47632618310357955,0.6714155196628602,0.0,0.0,0.7410811021445974
13.550000000000058,-1.9244800578420235e-10,-3.32523593928487e-08,0.17300103806542097,-5.159083315258979e-07,3.0567863558737514e-09,-0.026024484532830794,0.6682040753998605,4.172777909722474e-10,-3.780514495088779e-10,0.7439780330218209
13.600000000000058,-4.748464748922389e-10,-3.295206683298011e-08,0.17300103812476994,-2.7689618742128505e-07,6.1025265006055315e-09,-0.504439041538078,0.6649801316195539,1.0308938266312474e-09,-9.389108840562187e-10,0.7468610476864092
