t,w1,w2,w3,v1,v2,v3,qw,qx,qy,qz
0.0,0.0,0.0,0.0,0.0,0.0,0.0,1.0,0.0,0.0,0.0
0.1,0.0,0.0,1.75e-13,0.0,0.0,-0.9810000000000001,1.0,0.0,0.0,0.0
0.2,0.0,0.0,1.6841352500000007e-07,0.0,0.0,8.76751128521254,1.0,0.0,0.0,8.75e-15
0.30000000000000004,0.0,0.0,1.3620533173857622e-05,0.0,0.0,19.053826951304217,1.0,0.0,0.0,8.420685000000004e-09
0.4,0.0,0.0,7.715398960965086e-05,0.0,0.0,29.034222106731114,0.9999999999997624,0.0,0.0,6.894473436927214e-07
0.5,0.0,0.0,0.0002246765491196748,0.0,0.0,38.874367472159754,0.9999999999896618,0.0,0.0,4.547146824140513e-06
0.6,0.0,0.0,0.0004891394274077645,0.0,0.0,48.720944054972556,0.9999999998754804,0.0,0.0,1.5780974279012347e-05
0.7,0.0,0.0,0.0009045422457641236,0.0,0.0,58.51964877875187,0.9999999991904539,0.0,0.0,4.0237945634321174e-05
0.7999999999999999,0.0,0.0,0.001503838372247107,0.0,0.0,68.30406223031439,0.999999996347862,0.0,0.0,8.54650577985049e-05
0.8999999999999999,0.0,0.0,0.0023202912329255724,0.0,0.0,78.18472399943721,0.9999999870946681,0.0,0.0,0.0001606569756820858
0.9999999999999999,0.0,0.0,0.0033900401698025028,0.0,0.0,88.05148846287146,0.9999999617264305,0.0,0.0,0.00027667153396924456
1.0999999999999999,0.0,0.0,0.004746826478569761,0.0,0.0,97.73363818228387,0.9999999004645858,0.0,0.0,0.00044617352956243233
1.2,0.0,0.0,0.006418402684405237,0.0,0.0,107.45082878628006,0.9999997664037246,0.0,0.0,0.0006835148106155501
1.3,0.0,0.0,0.008438896790780468,0.0,0.0,117.11144703723092,0.9999994955552207,0.0,0.0,0.0010044348181468283
1.4000000000000001,0.0,0.0,0.010839037720707444,0.0,0.0,126.56711055716256,0.9999989827205034,0.0,0.0,0.0014263793178635195
1.5000000000000002,0.0,0.0,0.013642403578970522,0.0,0.0,135.75666142609174,0.9999980628359137,0.0,0.0,0.0019683303635213982
1.6000000000000003,0.0,0.0,0.016867631025418262,0.0,0.0,144.71930372467884,0.9999964875549288,0.0,0.0,0.002650448604480399
1.7000000000000004,0.0,0.0,0.020532774477940535,0.0,0.0,153.9249990081502,0.9999938965714866,0.0,0.0,0.003493825950854166
1.8000000000000005,0.0,0.0,0.02467903290905587,0.0,0.0,161.27589148886742,0.9999897826864595,0.0,0.0,0.00452045602648466
1.9000000000000006,0.0,0.0,0.029230767714948435,0.0,0.0,164.4259775659132,0.9999834433568706,0.0,0.0,0.005754390683345152
2.0000000000000004,0.0,0.0,0.03396205058236202,0.0,0.0,163.98106334791646,0.9999739650751506,0.0,0.0,0.007215897164008263
2.1000000000000005,0.0,0.0,0.03866776368146187,0.0,0.0,161.13422178822296,0.999960270024148,0.0,0.0,0.008913942631254458
2.2000000000000006,0.0,0.0,0.04321150523211371,0.0,0.0,158.3539027244867,0.9999411670295609,0.0,0.0,0.010847233728455731
2.3000000000000007,0.0,0.0,0.04759979797120204,0.0,0.0,155.63737333427036,0.9999153969221707,0.0,0.0,0.013007651516621888
2.400000000000001,0.0,0.0,0.05183882156759548,0.0,0.0,152.98204538787675,0.9998816070063183,0.0,0.0,0.015387396480958701
2.500000000000001,0.0,0.0,0.0559344351547057,0.0,0.0,150.38546571247014,0.9998383652505978,0.0,0.0,0.01797897029898964
2.600000000000001,0.0,0.0,0.05989219810695309,0.0,0.0,147.8453074013255,0.9997841730985931,0.0,0.0,0.020775158761426174
2.700000000000001,0.0,0.0,0.06371738921823177,0.0,0.0,145.35936170099805,0.9997174770349769,0.0,0.0,0.023769015773071445
2.800000000000001,0.0,0.0,0.06741502442437804,0.0,0.0,142.9255305160553,0.9996366790280821,0.0,0.0,0.026953848365440954
2.9000000000000012,0.0,0.0,0.07098987319737982,0.0,0.0,140.54181947708577,0.9995401459574419,0.0,0.0,0.030323202656974014
3.0000000000000013,0.0,0.0,0.07444647372639253,0.0,0.0,138.20633152309247,0.999426218123585,0.0,0.0,0.03387085070068731
3.1000000000000014,0.0,0.0,0.07778914698935495,0.0,0.0,135.91726095417485,0.9992932169273985,0.0,0.0,0.037590778162886966
3.2000000000000015,0.0,0.0,0.08102200980895487,0.0,0.0,133.67288791467723,0.99913945179748,0.0,0.0,0.0414771727801104
3.3000000000000016,0.0,0.0,0.0841489869777336,0.0,0.0,131.47157327079316,0.9989632264359887,0.0,0.0,0.045524413544819675
3.4000000000000017,0.0,0.0,0.08717382252911067,0.0,0.0,129.31175385002126,0.9987628444464269,0.0,0.0,0.04972706057351971
3.5000000000000018,0.0,0.0,0.09010009022394516,0.0,0.0,127.19193801291604,0.99853661440048,0.0,0.0,0.054079845613935626
3.600000000000002,0.0,0.0,0.09293120331582942,0.0,0.0,125.11070153030616,0.99828285439539,0.0,0.0,0.05857766315066181
3.700000000000002,0.0,0.0,0.09567042365255037,0.0,0.0,123.06668374160331,0.997999896148296,0.0,0.0,0.06321556207129946
3.800000000000002,0.0,0.0,0.09832087016597763,0.0,0.0,121.05858397202427,0.9976860886694466,0.0,0.0,0.06798873785753846
3.900000000000002,0.0,0.0,0.10088552679798217,0.0,0.0,119.08515818852783,0.9973398015521417,0.0,0.0,0.07289252526792282
4.000000000000002,0.0,0.0,0.10336724990579484,0.0,0.0,117.14521587605121,0.9969594279136211,0.0,0.0,0.0779223914811738
4.100000000000001,0.0,0.0,0.105768775186433,0.0,0.0,115.23761711723671,0.9965433870178595,0.0,0.0,0.0830739296709422
4.200000000000001,0.0,0.0,0.1080927241564083,0.0,0.0,113.36126986029093,0.9960901266082898,0.0,0.0,0.08834285298472716
4.300000000000001,0.0,0.0,0.1103416102198424,0.0,0.0,111.51512736092977,0.995598124975848,0.0,0.0,0.0937249889014432
4.4,0.0,0.0,0.11251784435532416,0.0,0.0,109.69818578554872,0.995065892785357,0.0,0.0,0.09921627394374598
4.5,0.0,0.0,0.1146237404493113,0.0,0.0,107.90948196383309,0.9944919746811343,0.0,0.0,0.10481274872274934
4.6,0.0,0.0,0.11666152030158429,0.0,0.0,106.14809127999696,0.9938749506907861,0.0,0.0,0.11051055329418807
4.699999999999999,0.0,0.0,0.11863331832617693,0.0,0.0,104.41312569272462,0.9932134374444145,0.0,0.0,0.11630592280640721
4.799999999999999,0.0,0.0,0.12054118596931376,0.0,0.0,102.70373187469215,0.9925060892249037,0.0,0.0,0.12219518342180065
4.899999999999999,0.0,0.0,0.12238709586416179,0.0,0.0,101.0190894632782,0.9917515988635346,0.0,0.0,0.12817474849447777
4.999999999999998,0.0,0.0,0.124172945740635,0.0,0.0,99.35840941473865,0.9909486984939092,0.0,0.0,0.1342411149880212
5.099999999999998,0.0,0.0,0.1259005621070597,0.0,0.0,97.72093245472713,0.9900961601760053,0.0,0.0,0.14039086011820753
5.1999999999999975,0.0,0.0,0.12757170371920343,0.0,0.0,96.1059276185971,0.9891927964011444,0.0,0.0,0.1466206382065088
5.299999999999997,0.0,0.0,0.12918806485097886,0.0,0.0,94.51269087542629,0.9882374604877151,0.0,0.0,0.15292717773107464
5.399999999999997,0.0,0.0,0.1307512783800438,0.0,0.0,92.94054383016731,0.9872290468766303,0.0,0.0,0.15930727856272014
5.4999999999999964,0.0,0.0,0.13226291870052206,0.0,0.0,91.38883249875032,0.9861664913347344,0.0,0.0,0.16575780937421616
5.599999999999996,0.0,0.0,0.13372450447415687,0.0,0.0,89.85692615135099,0.9850487710736675,0.0,0.0,0.17227570521190017
5.699999999999996,0.0,0.0,0.13513750123037152,0.0,0.0,88.34421621939204,0.9838749047910571,0.0,0.0,0.1788579652193
5.799999999999995,0.0,0.0,0.1365033238249448,0.0,0.0,86.85011526217153,0.9826439526403383,0.0,0.0,0.18550165050309578
5.899999999999995,0.0,0.0,0.13782333876630398,0.0,0.0,85.37405598931008,0.9813550161349662,0.0,0.0,0.19220388213233394
5.999999999999995,0.0,0.0,0.1390988664177905,0.0,0.0,83.91549033548348,0.9800072379923209,0.0,0.0,0.19896183926236294
6.099999999999994,0.0,0.0,0.14033118308365833,0.0,0.0,82.47388858415948,0.9785998019221612,0.0,0.0,0.20577275737547626
6.199999999999994,0.0,0.0,0.141521522986017,0.0,0.0,81.04873853728952,0.9771319323640975,0.0,0.0,0.21263392663073502
6.299999999999994,0.0,0.0,0.14267108013942703,0.0,0.0,79.63954472812021,0.975602894178189,0.0,0.0,0.21954269031589618
6.399999999999993,0.0,0.0,0.14378101012938993,0.0,0.0,78.24582767448601,0.9740119922924492,0.0,0.0,0.22649644339479963
6.499999999999993,0.0,0.0,0.14485243180054636,0.0,0.0,76.86712317012636,0.9723585713107422,0.0,0.0,0.233492631143966
6.5999999999999925,0.0,0.0,0.14588642886000033,0.0,0.0,75.50298161173824,0.97064201508428,0.0,0.0,0.24052874787253217
6.699999999999992,0.0,0.0,0.14688405140082128,0.0,0.0,74.15296735962964,0.96886174624969,0.0,0.0,0.24760233572000376
6.799999999999992,0.0,0.0,0.147846317350438,0.0,0.0,72.81665812998293,0.9670172257363853,0.0,0.0,0.25471098352663296
6.8999999999999915,0.0,0.0,0.1487742138483263,0.0,0.0,71.49364441686886,0.9651079522457758,0.0,0.0,0.26185232577154066
6.999999999999991,0.0,0.0,0.14966869855710227,0.0,0.0,70.18352894227498,0.9631334617046566,0.0,0.0,0.26902404157399185
7.099999999999991,0.0,0.0,0.15053070091086573,0.0,0.0,68.88592613252496,0.9610933266949474,0.0,0.0,0.27622385375350766
7.19999999999999,0.0,0.0,0.15136112330438947,0.0,0.0,67.60046161957091,0.9589871558617956,0.0,0.0,0.2834495279447541
7.29999999999999,0.0,0.0,0.15216084222652082,0.0,0.0,66.32677176573785,0.9568145933019068,0.0,0.0,0.2906988717633876
7.39999999999999,0.0,0.0,0.15293070934094707,0.0,0.0,65.0645032105898,0.9545753179338379,0.0,0.0,0.2979697340192665
7.499999999999989,0.0,0.0,0.15367155251727924,0.0,0.0,63.81331243867117,0.9522690428518653,0.0,0.0,0.3052600039736495
7.599999999999989,0.0,0.0,0.15438417681522346,0.0,0.0,62.572865366954375,0.9498955146649284,0.0,0.0,0.3125676106372043
7.699999999999989,0.0,0.0,0.1550693654244389,0.0,0.0,61.34283695089784,0.947454512822043,0.0,0.0,0.31989052210583757
7.799999999999988,0.0,0.0,0.15572788056252115,0.0,0.0,60.12291080808497,0.9449458489254884,0.0,0.0,0.3272267449315353
7.899999999999988,0.0,0.0,0.15636046433340262,0.0,0.0,58.91277885847794,0.9423693660329829,0.0,0.0,0.33457432352557154
7.999999999999988,0.0,0.0,0.1569678395483225,0.0,0.0,57.712140980378166,0.9397249379499804,0.0,0.0,0.34193133959159955
8.099999999999987,0.0,0.0,0.15755071051139183,0.0,0.0,56.520704681239465,0.937012468513148,0.0,0.0,0.34929591158628903
8.199999999999987,0.0,0.0,0.158109763771658,0.0,0.0,55.338184782530874,0.9342318908660191,0.0,0.0,0.35666619420531365
8.299999999999986,0.0,0.0,0.15864566884346246,0.0,0.0,54.16430311789283,0.931383166727742,0.0,0.0,0.3640403778926221
8.399999999999986,0.0,0.0,0.1591590788967807,0.0,0.0,52.99878824387464,0.9284662856558004,0.0,0.0,0.3714166883710553
8.499999999999986,0.0,0.0,0.15965063141913652,0.0,0.0,51.841375162582125,0.9254812643035142,0.0,0.0,0.37879338619248476
8.599999999999985,0.0,0.0,0.16012094885059236,0.0,0.0,50.69180505560255,0.9224281456730855,0.0,0.0,0.3861687663057603
8.699999999999985,0.0,0.0,0.16057063919323153,0.0,0.0,49.549825028609845,0.9193069983649055,0.0,0.0,0.3935411576408592
8.799999999999985,0.0,0.0,0.16100029659647055,0.0,0.0,48.415187866086434,0.9161179158237932,0.0,0.0,0.40090892270772627
8.899999999999984,0.0,0.0,0.16141050191946454,0.0,0.0,47.28765179562926,0.9128610155827961,0.0,0.0,0.4082704572083879
8.999999999999984,0.0,0.0,0.16180182327179987,0.0,0.0,46.166980261336725,0.9095364385051475,0.0,0.0,0.41562418966101095
9.099999999999984,0.0,0.0,0.16217481653360374,0.0,0.0,45.05294170580069,0.9061443480249318,0.0,0.0,0.4229685810346572
9.199999999999983,0.0,0.0,0.16253002585613935,0.0,0.0,43.945309360253084,0.902684929386984,0.0,0.0,0.43030212439356585
9.299999999999983,0.0,0.0,0.1628679841438988,0.0,0.0,42.843861042440665,0.8991583888865124,0.0,0.0,0.4376233445498666
9.399999999999983,0.0,0.0,0.163189213519153,0.0,0.0,41.74837896182382,0.8955649531089054,0.0,0.0,0.44493079772369587
9.499999999999982,0.0,0.0,0.1634942257698675,0.0,0.0,40.658649531716236,0.891904868170153,0.0,0.0,0.4522230712097541
9.599999999999982,0.0,0.0,0.16378352278184752,0.0,0.0,39.57446318800189,0.8881783989582926,0.0,0.0,0.4594987830494048
9.699999999999982,0.0,0.0,0.16405759695593075,0.0,0.0,38.495614214084206,0.8843858283762565,0.0,0.0,0.46675658170747053
9.799999999999981,0.0,0.0,0.1643169316110067,0.0,0.0,37.42190057173936,0.8805274565864774,0.0,0.0,0.4739951457529383
9.89999999999998,0.0,0.0,0.16456200137360188,0.0,0.0,36.35312373756196,0.876603600257589,0.0,0.0,0.48121318354283776
9.99999999999998,0.0,0.0,0.1647932725547356,0.0,0.0,35.28908854470636,0.8726145918135316,0.0,0.0,0.48840943290860334
10.09999999999998,0.0,0.0,0.16501120351471593,0.0,0.0,34.229603029640955,0.8685607786853534,0.0,0.0,0.4955826608442757
10.19999999999998,0.0,0.0,0.16521624501651513,0.0,0.0,33.174478283646245,0.8644425225659826,0.0,0.0,0.5027316631959444
10.29999999999998,0.0,0.0,0.16540884056833374,0.0,0.0,32.12352830879962,0.8602601986682202,0.0,0.0,0.5098552643518692
10.399999999999979,0.0,0.0,0.16558942675593483,0.0,0.0,31.076569878201777,0.8560141949861892,0.0,0.0,0.5169523169327577
10.499999999999979,0.0,0.0,0.1657584335653039,0.0,0.0,30.033422400210185,0.8517049115604598,0.0,0.0,0.5240217014817128
10.599999999999978,0.0,0.0,0.16591628469616604,0.0,0.0,28.99390778645558,0.8473327597470462,0.0,0.0,0.5310623261533947
10.699999999999978,0.0,0.0,0.1660633978668687,0.0,0.0,27.95785032342671,0.8428981614904647,0.0,0.0,0.5380731264019736
10.799999999999978,0.0,0.0,0.16620018511111745,0.0,0.0,26.925076547417696,0.8384015486010191,0.0,0.0,0.5450530646674805
10.899999999999977,0.0,0.0,0.16632705306703222,0.0,0.0,25.89541512264049,0.8338433620364664,0.0,0.0,0.5520011300601865
10.999999999999977,0.0,0.0,0.16644440325897264,0.0,0.0,24.86869672231295,0.829224051188202,0.0,0.0,0.5589163380426684
11.099999999999977,0.0,0.0,0.16655263237256426,0.0,0.0,23.84475391254005,0.824544073172093,0.0,0.0,0.5657977301092451
11.199999999999976,0.0,0.0,0.16665213252334043,0.0,0.0,22.82342103881268,0.8198038921240627,0.0,0.0,0.5726443734624816
11.299999999999976,0.0,0.0,0.16674329151940054,0.0,0.0,21.804534114954755,0.8150039785005294,0.0,0.0,0.5794553606864883
11.399999999999975,0.0,0.0,0.16682649311847034,0.0,0.0,20.78793071435515,0.8101448083837827,0.0,0.0,0.5862298094167542
11.499999999999975,0.0,0.0,0.1669021172797377,0.0,0.0,19.773449863326427,0.8052268627923649,0.0,0.0,0.5929668620062725
11.599999999999975,0.0,0.0,0.16697054041082476,0.0,0.0,18.7609319364374,0.8002506269965219,0.0,0.0,0.5996656851877333
11.699999999999974,0.0,0.0,0.1670321356102464,0.0,0.0,17.750218553671132,0.7952165898387636,0.0,0.0,0.6063254697315688
11.799999999999974,0.0,0.0,0.16708727290569445,0.0,0.0,16.741152479264237,0.790125243059574,0.0,0.0,0.6129454300996537
11.899999999999974,0.0,0.0,0.1671363194884779,0.0,0.0,15.733577522087373,0.7849770806282867,0.0,0.0,0.6195248040944707
11.999999999999973,0.0,0.0,0.16717963994444052,0.0,0.0,14.72733843743025,0.7797725980791449,0.0,0.0,0.6260628525035649
12.099999999999973,0.0,0.0,0.16721759648166937,0.0,0.0,13.722280830057796,0.7745122918525367,0.0,0.0,0.6325588587391148
12.199999999999973,0.0,0.0,0.1672505491553007,0.0,0.0,12.718251058407064,0.7691966586413994,0.0,0.0,0.6390121284724621
12.299999999999972,0.0,0.0,0.167278856089723,0.0,0.0,11.715096139797053,0.7638261947427692,0.0,0.0,0.6454219892634437
12.399999999999972,0.0,0.0,0.16730287369847183,0.0,0.0,10.712663656525992,0.7584013954144398,0.0,0.0,0.6517877901843746
12.499999999999972,0.0,0.0,0.16732295690210494,0.0,0.0,9.710801662732681,0.752922754236688,0.0,0.0,0.6581089014385386
12.599999999999971,0.0,0.0,0.16733945934434322,0.0,0.0,8.709358591900296,0.7473907624790097,0.0,0.0,0.6643847139730447
12.69999999999997,0.0,0.0,0.16735273360675762,0.0,0.0,7.7081831648826284,0.7418059084718037,0.0,0.0,0.6706146390859077
12.79999999999997,0.0,0.0,0.1673631314222807,0.0,0.0,6.7071242983342065,0.7361686769829208,0.0,0.0,0.6767981080272139
12.89999999999997,0.0,0.0,0.16737100388781753,0.0,0.0,5.706031013427164,0.730479548599,0.0,0.0,0.6829345715942349
12.99999999999997,0.0,0.0,0.16737670167622962,0.0,0.0,4.704752344739911,0.7247389991114905,0.0,0.0,0.689023499720347
13.09999999999997,0.0,0.0,0.16738057524796404,0.0,0.0,3.7031372492075176,0.7189474989072536,0.0,0.0,0.6950643810576144
13.199999999999969,0.0,0.0,0.16738297506259917,0.0,0.0,2.701034515040447,0.7131055123636314,0.0,0.0,0.7010567225528921
13.299999999999969,0.0,0.0,0.16738425179057817,0.0,0.0,1.6982926705986565,0.707213497247853,0.0,0.0,0.7070000490172977
13.399999999999968,0.0,0.0,0.1673847565254023,0.0,0.0,0.6947598938152573,0.7012719041206438,0.0,0.0,0.7128939026888972
13.499999999999968,0.0,-3.194874911640152e-08,0.16738484099655657,-5.016530979912262e-07,0.0,-0.309716063850231,0.6952811757438947,0.0,0.0,0.7187378427884449
13.599999999999968,-5.282519994657407e-10,-3.137486889780965e-08,0.1673848577834386,-4.6396690625128613e-07,8.396912404269141e-09,-1.2668380407210094,0.6892417464922328,1.1480985428605106e-09,-1.1106292965637922e-09,0.7245314450680087
