t,w1,w2,w3,v1,v2,v3,qw,qx,qy,qz
0.0,0.0,0.0,0.0,0.0,0.0,0.0,1.0,0.0,0.0,0.0
0.2,0.0,0.0,3.5e-13,0.0,0.0,-1.9620000000000002,1.0,0.0,0.0,0.0
0.4,0.0,0.0,1.3473061000000005e-06,0.0,0.0,18.686446207277836,1.0,0.0,0.0,3.5e-14
0.6000000000000001,0.0,0.0,0.00012356145160012086,0.0,0.0,38.41302575123632,0.9999999999999909,0.0,0.0,1.3473064499999884e-07
0.8,0.0,0.0,0.0006400076435279214,0.0,0.0,58.11325539789259,0.999999999921989,0.0,0.0,1.2490875804058452e-05
1.0,0.0,0.0,0.001822010302407164,0.0,0.0,78.03366274226181,0.9999999970745145,0.0,0.0,7.649163999519922e-05
1.2,0.0,0.0,0.003953248685097735,0.0,0.0,97.61293367775626,0.9999999665390519,0.0,0.0,0.0002586926654089511
1.4,0.0,0.0,0.00728814837286005,0.0,0.0,117.20347810732098,0.9999997861305518,0.0,0.0,0.0006540174695852838
1.5999999999999999,0.0,0.0,0.012095977721368695,0.0,0.0,135.89552493821665,0.9999990438876718,0.0,0.0,0.0013828317837399934
1.7999999999999998,0.0,0.0,0.01855963551610041,0.0,0.0,154.65430191980184,0.9999966396567678,0.0,0.0,0.0025924265028419067
1.9999999999999998,0.0,0.0,0.02693091910225584,0.0,0.0,161.2541960545243,0.9999901059258396,0.0,0.0,0.004448376156344164
2.1999999999999997,0.0,0.0,0.03603193961342268,0.0,0.0,155.68800030183954,0.9999744997670291,0.0,0.0,0.007141415523536197
2.4,0.0,0.0,0.044515503317067634,0.0,0.0,150.37508356207277,0.9999422767541569,0.0,0.0,0.010744447855200026
2.6,0.0,0.0,0.05242993633212276,0.0,0.0,145.29521405242065,0.9998845403466363,0.0,0.0,0.015195590669524094
2.8000000000000003,0.0,0.0,0.059818681061761324,0.0,0.0,140.43021657963652,0.9997911284356519,0.0,0.0,0.020437698044680052
3.0000000000000004,0.0,0.0,0.0667209070671226,0.0,0.0,135.76371423194036,0.9996509878528334,0.0,0.0,0.02641784406143276
3.2000000000000006,0.0,0.0,0.07317203220319078,0.0,0.0,131.28090811473425,0.9994524796382831,0.0,0.0,0.033086869674950115
3.400000000000001,0.0,0.0,0.07920416909594104,0.0,0.0,126.96838872541662,0.9991836277703794,0.0,0.0,0.04039898508160945
3.600000000000001,0.0,0.0,0.08484650920372601,0.0,0.0,122.81397376889294,0.9988323215811239,0.0,0.0,0.04831142064628372
3.800000000000001,0.0,0.0,0.09012565445759323,0.0,0.0,118.80656817137856,0.9983864801156761,0.0,0.0,0.05678412033509652
4.000000000000001,0.0,0.0,0.09506590468217438,0.0,0.0,114.9360428123001,0.9978341851304173,0.0,0.0,0.06577947236878799
4.200000000000001,0.0,0.0,0.09968950756059719,0.0,0.0,111.1931291052913,0.9971637881739398,0.0,0.0,0.07526207248407436
4.400000000000001,0.0,0.0,0.10401687674702628,0.0,0.0,107.5693270520401,0.9963639961929478,0.0,0.0,0.08519851577592089
4.600000000000001,0.0,0.0,0.10806678279022636,0.0,0.0,104.05682479208066,0.9954239392984425,0.0,0.0,0.09555721360300676
4.800000000000002,0.0,0.0,0.11185652076560977,0.0,0.0,100.6484279968466,0.9943332236763834,0.0,0.0,0.10630823248145416
5.000000000000002,0.0,0.0,0.11540205788634252,0.0,0.0,97.33749772240887,0.9930819720996811,0.0,0.0,0.11742315227674814
5.200000000000002,0.0,0.0,0.11871816384869349,0.0,0.0,94.11789555403737,0.9916608540701005,0.0,0.0,0.12887494133833294
5.400000000000002,0.0,0.0,0.12181852624127573,0.0,0.0,90.98393505625924,0.9900611072698342,0.0,0.0,0.1406378465123459
5.600000000000002,0.0,0.0,0.12471585299503829,0.0,0.0,87.93033869171443,0.9882745517176189,0.0,0.0,0.152687296221196
5.8000000000000025,0.0,0.0,0.12742196355724217,0.0,0.0,84.9521994966096,0.9862935977910408,0.0,0.0,0.16499981501930458
6.000000000000003,0.0,0.0,0.12994787022735127,0.0,0.0,82.04494690455182,0.9841112490851879,0.0,0.0,0.17755294822669535
6.200000000000003,0.0,0.0,0.13230385088710103,0.0,0.0,79.20431619769903,0.9817211009202765,0.0,0.0,0.19032519541006712
6.400000000000003,0.0,0.0,0.13449951418397182,0.0,0.0,76.42632113747001,0.9791173351809055,0.0,0.0,0.2032959516277747
6.600000000000003,0.0,0.0,0.1365438580812345,0.0,0.0,73.70722938891693,0.9762947120621362,0.0,0.0,0.21644545548361682
6.800000000000003,0.0,0.0,0.13844532256405115,0.0,0.0,71.04354040523134,0.9732485592085369,0.0,0.0,0.22975474314691913
7.0000000000000036,0.0,0.0,0.14021183718605956,0.0,0.0,68.4319654833221,0.9699747586583122,0.0,0.0,0.24320560759519724
7.200000000000004,0.0,0.0,0.14185086405137826,0.0,0.0,65.86940973927287,0.966469731943005,0.0,0.0,0.25678056242250125
7.400000000000004,0.0,0.0,0.14336943675051833,0.0,0.0,63.35295578482758,0.9627304236417693,0.0,0.0,0.2704628096329314
7.600000000000004,0.0,0.0,0.14477419570320435,0.0,0.0,60.87984891374594,0.9587542836460937,0.0,0.0,0.2842362109061152
7.800000000000004,0.0,0.0,0.14607142030487053,0.0,0.0,58.4474836306463,0.9545392483546445,0.0,0.0,0.29808526188080814
8.000000000000004,0.0,0.0,0.14726705822518465,0.0,0.0,56.053391375415245,0.9500837209873809,0.0,0.0,0.3119950690552213
8.200000000000003,0.0,0.0,0.14836675216517456,0.0,0.0,53.69522931391467,0.9453865511822925,0.0,0.0,0.3259513289490479
8.400000000000002,0.0,0.0,0.14937586434340042,0.0,0.0,51.37077008097865,0.9404470140162207,0.0,0.0,0.33994030921321244
8.600000000000001,0.0,0.0,0.1502994989502999,0.0,0.0,49.07789237491471,0.9352647885725635,0.0,0.0,0.3539488314097369
8.8,0.0,0.0,0.1511425227826372,0.0,0.0,46.81457231420389,0.9298399361627027,0.0,0.0,0.3679642552163745
9.0,0.0,0.0,0.15190958424632384,0.0,0.0,44.57887547707793,0.9241728782942545,0.0,0.0,0.38197446383928985
9.2,0.0,0.0,0.15260513089525413,0.0,0.0,42.368949553351115,0.9182643744673764,0.0,0.0,0.39596785044247934
9.399999999999999,0.0,0.0,0.15323342565579318,0.0,0.0,40.18301754547554,0.9121154998700352,0.0,0.0,0.409933305425207
9.599999999999998,0.0,0.0,0.15379856187081417,0.0,0.0,38.01937146242193,0.9057276230341108,0.0,0.0,0.42386020439878513
9.799999999999997,0.0,0.0,0.15430447728340335,0.0,0.0,35.876366455792095,0.8991023835062557,0.0,0.0,0.43773839673184917
9.999999999999996,0.0,0.0,0.15475496706827796,0.0,0.0,33.752415352651845,0.8922416695803701,0.0,0.0,0.45155819454909
10.199999999999996,0.0,0.0,0.15515369600837622,0.0,0.0,31.645983544027523,0.885147596132253,0.0,0.0,0.46531036208244253
10.399999999999995,0.0,0.0,0.15550420990479033,0.0,0.0,29.555584191914782,0.8778224825913225,0.0,0.0,0.47898610528616303
10.599999999999994,0.0,0.0,0.1558099463000642,0.0,0.0,27.47977372107237,0.870268831079141,0.0,0.0,0.49257706163822285
10.799999999999994,0.0,0.0,0.15607424458773067,0.0,0.0,25.41714756487435,0.862489304739794,0.0,0.0,0.5060752900601516
10.999999999999993,0.0,0.0,0.1563003555746978,0.0,0.0,23.366336137121486,0.8544867062828304,0.0,0.0,0.519473260895996
11.199999999999992,0.0,0.0,0.15649145055761332,0.0,0.0,21.32600100400858,0.8462639567554586,0.0,0.0,0.5327638458985325
11.399999999999991,0.0,0.0,0.15665062996955137,0.0,0.0,19.29483123244626,0.8378240745569346,0.0,0.0,0.5459403081773829
11.59999999999999,0.0,0.0,0.15678093164920237,0.0,0.0,17.271539892673783,0.8291701547045475,0.0,0.0,0.5589962920693096
11.79999999999999,0.0,0.0,0.15688533878114486,0.0,0.0,15.254860694601032,0.8203053483572451,0.0,0.0,0.5719258128957799
11.99999999999999,0.0,0.0,0.15696678755267895,0.0,0.0,13.243544738605111,0.8112328425997614,0.0,0.0,0.5847232465769688
12.199999999999989,0.0,0.0,0.15702817457006416,0.0,0.0,11.236357362599493,0.8019558404870242,0.0,0.0,0.5973833190747384
12.399999999999988,0.0,0.0,0.15707236407478717,0.0,0.0,9.232075068107594,0.7924775413456739,0.0,0.0,0.6099010956398716
12.599999999999987,0.0,0.0,0.15710219499865927,0.0,0.0,7.229482508822555,0.7828011213266445,0.0,0.0,0.6222719698409594
12.799999999999986,0.0,0.0,0.15712048789508015,0.0,0.0,5.227369525736854,0.7729297141999605,0.0,0.0,0.634491652353888
12.999999999999986,0.0,0.0,0.15713005178268566,0.0,0.0,3.2245282134181936,0.7628663923801607,0.0,0.0,0.6465561594918716
13.199999999999985,0.0,0.0,0.15713369093680535,0.0,0.0,1.21975000268641,0.7526141481680588,0.0,0.0,0.6584618014564453
13.399999999999984,0.0,0.0,0.15713421166367952,0.0,0.0,-0.788177245735115,0.7421758751918877,0.0,0.0,0.6702051702897819
13.599999999999984,0.0,0.0,0.15713442909220926,0.0,0.0,-2.7034137276375683,0.7315543500282271,0.0,0.0,0.6817831275081382
