t,w1,w2,w3,v1,v2,v3,qw,qx,qy,qz
0.0,0.0,0.0,0.0,0.0,0.0,0.0,1.0,0.0,0.0,0.0
0.025,0.0,0.0,4.375e-14,0.0,0.0,-0.24525000000000002,1.0,0.0,0.0,0.0
0.05,0.0,0.0,2.631543359375001e-09,0.0,0.0,2.3213768905183727,1.0,0.0,0.0,5.46875e-16
0.07500000000000001,0.0,0.0,2.383911788270578e-07,0.0,0.0,4.610212018854561,1.0,0.0,0.0,3.289483886718751e-11
0.1,0.0,0.0,1.1682561226491664e-06,0.0,0.0,6.968406587102384,1.0,0.0,0.0,3.0127845742054105e-09
0.125,0.0,0.0,3.292698869787938e-06,0.0,0.0,9.39595078101166,1.0,0.0,0.0,1.761598610731999e-08
0.15,0.0,0.0,7.155119148252659e-06,0.0,0.0,11.879341006708934,0.9999999999999983,0.0,0.0,5.8774721979669164e-08
0.175,0.0,0.0,1.3329064187476004e-05,0.0,0.0,14.408054759190383,0.9999999999999891,0.0,0.0,1.4821371133282666e-07
0.19999999999999998,0.0,0.0,2.2411216066268507e-05,0.0,0.0,16.979434499653223,0.9999999999999505,0.0,0.0,3.148270136762705e-07
0.22499999999999998,0.0,0.0,3.5024393431869124e-05,0.0,0.0,19.549513421882537,0.999999999999823,0.0,0.0,5.949672145045896e-07
0.24999999999999997,0.0,0.0,5.174492050828511e-05,0.0,0.0,22.106452590485333,0.9999999999994666,0.0,0.0,1.032772132402777e-06
0.27499999999999997,0.0,0.0,7.312533757045781e-05,0.0,0.0,24.648595583814533,0.9999999999985895,0.0,0.0,1.6795836387556448e-06
0.3,0.0,0.0,9.970579292533963e-05,0.0,0.0,27.168143452917125,0.9999999999966366,0.0,0.0,2.5936503583839947e-06
0.325,0.0,0.0,0.00013199801878626454,0.0,0.0,29.65894097674492,0.9999999999926273,0.0,0.0,3.839972769943565e-06
0.35000000000000003,0.0,0.0,0.00017048282794897876,0.0,0.0,32.120853283061685,0.9999999999849304,0.0,0.0,5.489948004752235e-06
0.37500000000000006,0.0,0.0,0.00021562185617662766,0.0,0.0,34.57317961562886,0.9999999999709605,0.0,0.0,7.620983354065052e-06
0.4000000000000001,0.0,0.0,0.00026791643897751356,0.0,0.0,37.026007117083914,0.9999999999467876,0.0,0.0,1.0316256556157157e-05
0.4250000000000001,0.0,0.0,0.0003278944166540163,0.0,0.0,39.47907985226271,0.9999999999066311,0.0,0.0,1.366521204312124e-05
0.4500000000000001,0.0,0.0,0.00039608306808444974,0.0,0.0,41.93223821643526,0.9999999998422221,0.0,0.0,1.7763892250764544e-05
0.47500000000000014,0.0,0.0,0.0004730092444586942,0.0,0.0,44.385286146218256,0.9999999997420159,0.0,0.0,2.27149306007606e-05
0.5000000000000001,0.0,0.0,0.0005591990906522675,0.0,0.0,46.83801826781246,0.9999999995902319,0.0,0.0,2.8627546154468526e-05
0.5250000000000001,0.0,0.0,0.0006551778387384646,0.0,0.0,49.28999418481543,0.9999999993656956,0.0,0.0,3.5617534783887456e-05
0.5500000000000002,0.0,0.0,0.000761468618077052,0.0,0.0,51.73865918733466,0.9999999990404622,0.0,0.0,4.380725776145439e-05
0.5750000000000002,0.0,0.0,0.0008785825055053157,0.0,0.0,54.18380571630236,0.9999999985781893,0.0,0.0,5.332561547586868e-05
0.6000000000000002,0.0,0.0,0.0010070274656322781,0.0,0.0,56.62517740036907,0.9999999979322474,0.0,0.0,6.43078967751923e-05
0.6250000000000002,0.0,0.0,0.0011473079344845461,0.0,0.0,59.06251425160048,0.9999999970435226,0.0,0.0,7.689574006347501e-05
0.6500000000000002,0.0,0.0,0.0012999245853285684,0.0,0.0,61.49840486370512,0.9999999958378969,0.0,0.0,9.123708919274941e-05
0.6750000000000003,0.0,0.0,0.0014653894391564518,0.0,0.0,63.93291065764662,0.9999999942233643,0.0,0.0,0.00010748614642753638
0.7000000000000003,0.0,0.0,0.0016442139358008917,0.0,0.0,66.36581400629987,0.9999999920867378,0.0,0.0,0.00012580351429007408
0.7250000000000003,0.0,0.0,0.0018369073663510888,0.0,0.0,68.79692104898812,0.9999999892899331,0.0,0.0,0.0001463561882940352
0.7500000000000003,0.0,0.0,0.0020439768315244945,0.0,0.0,71.23242535974724,0.999999985665787,0.0,0.0,0.00016931753008287223
0.7750000000000004,0.0,0.0,0.002265966887558393,0.0,0.0,73.67377618248796,0.9999999810133793,0.0,0.0,0.00019486724004708997
0.8000000000000004,0.0,0.0,0.002503434244345339,0.0,0.0,76.12081306516795,0.9999999750927042,0.0,0.0,0.0002231918255142503
0.8250000000000004,0.0,0.0,0.002756938289838562,0.0,0.0,78.5732631758547,0.9999999676187548,0.0,0.0,0.0002544847526645431
0.8500000000000004,0.0,0.0,0.00302704018864928,0.0,0.0,81.02489031205427,0.999999958254965,0.0,0.0,0.0002889464800000335
0.8750000000000004,0.0,0.0,0.003314260375884049,0.0,0.0,83.47497027974771,0.9999999466059503,0.0,0.0,0.00032678448054466975
0.9000000000000005,0.0,0.0,0.0036191134674430072,0.0,0.0,85.92329045112088,0.9999999322096896,0.0,0.0,0.0003682127327152163
0.9250000000000005,0.0,0.0,0.003942111485571968,0.0,0.0,88.36963807584219,0.999999914528864,0.0,0.0,0.00041345164756841676
0.9500000000000005,0.0,0.0,0.004283763676463139,0.0,0.0,90.80476272439256,0.9999998929413766,0.0,0.0,0.0004627280363645675
0.9750000000000005,0.0,0.0,0.004644504517344593,0.0,0.0,93.22770494592743,0.9999998667300142,0.0,0.0,0.0005162750758475295
1.0000000000000004,0.0,0.0,0.005024753484803308,0.0,0.0,95.63820833874601,0.9999998350717232,0.0,0.0,0.0005743313736092719
1.0250000000000004,0.0,0.0,0.0054249201614702935,0.0,0.0,98.03602621387628,0.9999997970257923,0.0,0.0,0.0006371407805534963
1.0500000000000003,0.0,0.0,0.005845404143080636,0.0,0.0,100.5277668955912,0.9999997515211196,0.0,0.0,0.0007049522671870628
1.0750000000000002,0.0,0.0,0.006287534289493763,0.0,0.0,102.96124338179543,0.9999996973425506,0.0,0.0,0.0007780197987429552
1.1,0.0,0.0,0.006751328811231746,0.0,0.0,105.37231852459142,0.9999996331062023,0.0,0.0,0.0008566139509288423
1.125,0.0,0.0,0.007237099302392594,0.0,0.0,107.77592985084905,0.9999995572542013,0.0,0.0,0.0009410055267555865
1.15,0.0,0.0,0.007745284036102006,0.0,0.0,110.22911003905836,0.9999994680354788,0.0,0.0,0.0010314692237624412
1.1749999999999998,0.0,0.0,0.00827686651677088,0.0,0.0,112.69435067003495,0.9999993634860315,0.0,0.0,0.0011282852174231074
1.1999999999999997,0.0,0.0,0.008832492246255791,0.0,0.0,115.11980574293946,0.999999241400637,0.0,0.0,0.0012317459764360859
1.2249999999999996,0.0,0.0,0.009412292169549821,0.0,0.0,117.50630293805385,0.9999990993135485,0.0,0.0,0.0013421520375801526
1.2499999999999996,0.0,0.0,0.010016380410913494,0.0,0.0,119.87439755790226,0.9999989344832759,0.0,0.0,0.0014598055736268819
1.2749999999999995,0.0,0.0,0.010645062275514056,0.0,0.0,122.22900936710353,0.9999987438705712,0.0,0.0,0.0015850101829320475
1.2999999999999994,0.0,0.0,0.011298684245033084,0.0,0.0,124.56970167350575,0.9999985241110149,0.0,0.0,0.0017180732790213111
1.3249999999999993,0.0,0.0,0.011977579707734231,0.0,0.0,126.90296514831972,0.9999982714879802,0.0,0.0,0.0018593066050954625
1.3499999999999992,0.0,0.0,0.012682145569928291,0.0,0.0,129.30443390419956,0.9999979819050885,0.0,0.0,0.002009026070132593
1.3749999999999991,0.0,0.0,0.013413629672415783,0.0,0.0,131.70024378635298,0.9999976508552283,0.0,0.0,0.002167552542598415
1.399999999999999,0.0,0.0,0.014172471419295118,0.0,0.0,134.0299892481455,0.9999972733642511,0.0,0.0,0.0023352224867961694
1.424999999999999,0.0,0.0,0.014958398082620157,0.0,0.0,136.29390767056572,0.9999968439737715,0.0,0.0,0.0025123778570732714
1.4499999999999988,0.0,0.0,0.015771099363143838,0.0,0.0,138.54343631510847,0.999996356728728,0.0,0.0,0.002699357195805511
1.4749999999999988,0.0,0.0,0.016610849277075023,0.0,0.0,140.7784858713023,0.9999958051490859,0.0,0.0,0.002896495163330658
1.4999999999999987,0.0,0.0,0.017477912243303244,0.0,0.0,142.99891669016355,0.9999951821773583,0.0,0.0,0.0031041298413801684
1.5249999999999986,0.0,0.0,0.018372542438484008,0.0,0.0,145.2044436069211,0.9999944801407051,0.0,0.0,0.0033226026125576253
1.5499999999999985,0.0,0.0,0.019294981895417562,0.0,0.0,147.4132532392804,0.9999936907115345,0.0,0.0,0.003552258031688545
1.5749999999999984,0.0,0.0,0.020245698586799546,0.0,0.0,149.62539692853707,0.9999928048666636,0.0,0.0,0.003793443673326405
1.5999999999999983,0.0,0.0,0.02122516306085677,0.0,0.0,151.87528411254866,0.9999918128329368,0.0,0.0,0.004046512955200582
1.6249999999999982,0.0,0.0,0.022234305020087216,0.0,0.0,154.1393745397477,0.9999907040386462,0.0,0.0,0.004311825169528268
1.6499999999999981,0.0,0.0,0.023273758941909292,0.0,0.0,156.3262872706007,0.9999894670363911,0.0,0.0,0.004589751221397513
1.674999999999998,0.0,0.0,0.024342917420969747,0.0,0.0,158.35541245049708,0.9999880894595509,0.0,0.0,0.004880669937361463
1.699999999999998,0.0,0.0,0.025440011524554555,0.0,0.0,160.26683078453593,0.9999865580432312,0.0,0.0,0.00518495254086927
1.7249999999999979,0.0,0.0,0.026563750270523514,0.0,0.0,162.06914197007293,0.9999848586662976,0.0,0.0,0.005502948132141705
1.7499999999999978,0.0,0.0,0.027712905567144824,0.0,0.0,163.704379037733,0.9999829763029235,0.0,0.0,0.005834989661221896
1.7749999999999977,0.0,0.0,0.02888536722976925,0.0,0.0,165.06696803482802,0.9999808949972022,0.0,0.0,0.006181394712723687
1.7999999999999976,0.0,0.0,0.030077428027022228,0.0,0.0,166.12893741969404,0.9999785979156741,0.0,0.0,0.006542454478439969
1.8249999999999975,0.0,0.0,0.03128487657042458,0.0,0.0,166.8879536182558,0.9999760674889098,0.0,0.0,0.006918413793316922
1.8499999999999974,0.0,0.0,0.03250338359196973,0.0,0.0,167.4237444752797,0.9999732855050993,0.0,0.0,0.007309464832463181
1.8749999999999973,0.0,0.0,0.03372972716388139,0.0,0.0,167.73765095123346,0.9999702331916038,0.0,0.0,0.007715745636637094
1.8999999999999972,0.0,0.0,0.03496067364409054,0.0,0.0,167.82985789186458,0.9999668911872284,0.0,0.0,0.008137353952589167
1.9249999999999972,0.0,0.0,0.036192973821634444,0.0,0.0,167.69817358670738,0.9999632396103652,0.0,0.0,0.008574347085561568
1.949999999999997,0.0,0.0,0.03742334095899208,0.0,0.0,167.4215946004425,0.9999592581371576,0.0,0.0,0.00902674170370211
1.974999999999997,0.0,0.0,0.038649653036347605,0.0,0.0,167.0017132335627,0.9999549260921224,0.0,0.0,0.0094945133681437
1.999999999999997,0.0,0.0,0.0398698218211452,0.0,0.0,166.2720231393957,0.999950222399558,0.0,0.0,0.00997761109054683
2.024999999999997,0.0,0.0,0.041079351194639416,0.0,0.0,165.54670783036025,0.9999451256489654,0.0,0.0,0.010475957754525266
2.0499999999999967,0.0,0.0,0.04227835111539751,0.0,0.0,164.82572120620853,0.9999396145006285,0.0,0.0,0.0109894200181124
2.0749999999999966,0.0,0.0,0.04346693004417893,0.0,0.0,164.1090177984283,0.999933667182693,0.0,0.0,0.011517865886148115
2.0999999999999965,0.0,0.0,0.04464519496959365,0.0,0.0,163.39655275937656,0.9999272615077122,0.0,0.0,0.012061164690334875
2.1249999999999964,0.0,0.0,0.04581325143323449,0.0,0.0,162.68828185163656,0.999920374888772,0.0,0.0,0.012619187069615262
2.1499999999999964,0.0,0.0,0.04697120355429613,0.0,0.0,161.98416143759303,0.999912984355208,0.0,0.0,0.013191804950865927
2.1749999999999963,0.0,0.0,0.048119154053692895,0.0,0.0,161.2841484692199,0.9999050665679253,0.0,0.0,0.013778891529903001
2.199999999999996,0.0,0.0,0.049257204277687205,0.0,0.0,160.58820047807598,0.9998965978343293,0.0,0.0,0.014380321252794034
2.224999999999996,0.0,0.0,0.05038545422104038,0.0,0.0,159.89627556550323,0.9998875541228789,0.0,0.0,0.014995969797471658
2.249999999999996,0.0,0.0,0.05150400254969685,0.0,0.0,159.20833239302337,0.9998779110772731,0.0,0.0,0.015625714055644228
2.274999999999996,0.0,0.0,0.05261294662301293,0.0,0.0,158.52433017292748,0.9998676440302765,0.0,0.0,0.016269432114998695
2.299999999999996,0.0,0.0,0.0537123825155406,0.0,0.0,157.84422865905475,0.9998567280171974,0.0,0.0,0.016927003241691132
2.3249999999999957,0.0,0.0,0.05480240503837687,0.0,0.0,157.16798813775554,0.9998451377890252,0.0,0.0,0.01759830786312038
2.3499999999999956,0.0,0.0,0.05588310776008867,0.0,0.0,156.49556941903458,0.9998328478252346,0.0,0.0,0.018283227550980215
2.3749999999999956,0.0,0.0,0.05695458302722314,0.0,0.0,155.82693382787008,0.9998198323462681,0.0,0.0,0.01898164500458573
2.3999999999999955,0.0,0.0,0.05801692198441293,0.0,0.0,155.16204319570483,0.9998060653257017,0.0,0.0,0.019693444034469484
2.4249999999999954,0.0,0.0,0.05907021459408581,0.0,0.0,154.50085985210512,0.9997915205021045,0.0,0.0,0.0204185095462432
2.4499999999999953,0.0,0.0,0.06011454965578755,0.0,0.0,153.8433466165839,0.9997761713905993,0.0,0.0,0.021156727524720705
2.474999999999995,0.0,0.0,0.06115001482512713,0.0,0.0,153.18946679058396,0.9997599912941296,0.0,0.0,0.021907985018297944
2.499999999999995,0.0,0.0,0.06217669663235265,0.0,0.0,152.53918414961814,0.9997429533144443,0.0,0.0,0.022672170123586084
2.524999999999995,0.0,0.0,0.06319468050056651,0.0,0.0,151.8924629355622,0.9997250303628031,0.0,0.0,0.023449171970293472
2.549999999999995,0.0,0.0,0.06420405076358787,0.0,0.0,151.24926784909775,0.9997061951704127,0.0,0.0,0.0242388807063526
2.574999999999995,0.0,0.0,0.06520489068347048,0.0,0.0,150.60956404230103,0.9996864202985989,0.0,0.0,0.025041187483288145
2.5999999999999948,0.0,0.0,0.0661972824676835,0.0,0.0,149.9733171113749,0.999665678148722,0.0,0.0,0.025855984441822143
2.6249999999999947,0.0,0.0,0.06718130728596301,0.0,0.0,149.34049308952052,0.9996439409718416,0.0,0.0,0.026683164697712584
2.6499999999999946,0.0,0.0,0.06815704528684144,0.0,0.0,148.71105843994545,0.9996211808781366,0.0,0.0,0.027522622327821603
2.6749999999999945,0.0,0.0,0.06912457561386208,0.0,0.0,148.08498004900548,0.9995973698460868,0.0,0.0,0.028374252356409647
2.6999999999999944,0.0,0.0,0.07008397642148584,0.0,0.0,147.46222521947706,0.9995724797314245,0.0,0.0,0.029237950741651957
2.7249999999999943,0.0,0.0,0.07103532489069683,0.0,0.0,146.84276166395736,0.9995464822758542,0.0,0.0,0.030113614362373756
2.7499999999999942,0.0,0.0,0.0719786972443136,0.0,0.0,146.22655749838913,0.9995193491155577,0.0,0.0,0.03100114100500074
2.774999999999994,0.0,0.0,0.0729141687620124,0.0,0.0,145.61358123570784,0.9994910517894792,0.0,0.0,0.03190042935072124
2.799999999999994,0.0,0.0,0.07384181379506875,0.0,0.0,145.00380177960812,0.999461561747402,0.0,0.0,0.0328113789628568
2.824999999999994,0.0,0.0,0.07476170578082363,0.0,0.0,144.39718841842713,0.9994308503578185,0.0,0.0,0.03373389027443772
2.849999999999994,0.0,0.0,0.07567391725688005,0.0,0.0,143.79371081914206,0.9993988889156029,0.0,0.0,0.0346678645759803
2.874999999999994,0.0,0.0,0.07657851987503614,0.0,0.0,143.1933390214796,0.9993656486494858,0.0,0.0,0.03561320400346253
2.8999999999999937,0.0,0.0,0.07747558441496015,0.0,0.0,142.59604343213456,0.9993311007293412,0.0,0.0,0.03656981152649508
2.9249999999999936,0.0,0.0,0.07836518079761325,0.0,0.0,142.00179481909572,0.9992952162732844,0.0,0.0,0.03753759093668421
2.9499999999999935,0.0,0.0,0.07924737809842519,0.0,0.0,141.4105643060762,0.9992579663545922,0.0,0.0,0.03851644683618392
2.9749999999999934,0.0,0.0,0.08012224456022857,0.0,0.0,140.82232336704627,0.9992193220084444,0.0,0.0,0.03950628462643385
2.9999999999999933,0.0,0.0,0.08098984760595639,0.0,0.0,140.23704382086652,0.9991792542384921,0.0,0.0,0.040507010497080206
3.0249999999999932,0.0,0.0,0.08185025385110832,0.0,0.0,139.65469782601903,0.9991377340232603,0.0,0.0,0.04151853141507671
3.049999999999993,0.0,0.0,0.08270352911599042,0.0,0.0,139.0752578754347,0.9990947323223829,0.0,0.0,0.04254075511396256
3.074999999999993,0.0,0.0,0.08354973843773311,0.0,0.0,138.4986967914143,0.99905022008268,0.0,0.0,0.04357359008331464
3.099999999999993,0.0,0.0,0.08438894608209212,0.0,0.0,137.92498772064178,0.9990041682440776,0.0,0.0,0.04461694555837121
3.124999999999993,0.0,0.0,0.08522121555503695,0.0,0.0,137.3541041292875,0.9989565477453749,0.0,0.0,0.04567073150982414
3.149999999999993,0.0,0.0,0.08604660961413141,0.0,0.0,136.78601979819953,0.9989073295298623,0.0,0.0,0.04673485863377713
3.1749999999999927,0.0,0.0,0.08686519027971037,0.0,0.0,136.22070881818152,0.9988564845507939,0.0,0.0,0.047809238341867136
3.1999999999999926,0.0,0.0,0.08767701884585721,0.0,0.0,135.65814558535476,0.9988039837767191,0.0,0.0,0.04889378275154644
3.2249999999999925,0.0,0.0,0.08848215589118597,0.0,0.0,135.09830479660317,0.9987497981966738,0.0,0.0,0.04998840467652265
3.2499999999999925,0.0,0.0,0.08928066128943228,0.0,0.0,134.54116144509928,0.9986938988252368,0.0,0.0,0.05109301761735419
3.2749999999999924,0.0,0.0,0.09007259421985712,0.0,0.0,133.9866908159095,0.9986362567074574,0.0,0.0,0.05220753575219886
3.2999999999999923,0.0,0.0,0.09085801317746704,0.0,0.0,133.43486848167714,0.9985768429236473,0.0,0.0,0.053331873927712575
3.324999999999992,0.0,0.0,0.0916369759830549,0.0,0.0,132.88567029838148,0.9985156285940532,0.0,0.0,0.0544659476500964
3.349999999999992,0.0,0.0,0.09240953979306459,0.0,0.0,132.33907240117145,0.9984525848834027,0.0,0.0,0.055609673076289154
3.374999999999992,0.0,0.0,0.09317576110928344,0.0,0.0,131.79505120027218,0.9983876830053319,0.0,0.0,0.05676296700530323
3.399999999999992,0.0,0.0,0.09393569578836579,0.0,0.0,131.2535833769633,0.9983208942266947,0.0,0.0,0.0579257468697015
3.424999999999992,0.0,0.0,0.09468939905119113,0.0,0.0,130.714645879627,0.9982521898717586,0.0,0.0,0.05909793072721286
3.4499999999999917,0.0,0.0,0.09543692549206022,0.0,0.0,130.17821591986504,0.9981815413262879,0.0,0.0,0.06027943725248419
3.4749999999999917,0.0,0.0,0.09617832908773243,0.0,0.0,129.64427096868278,0.9981089200415186,0.0,0.0,0.06147018572896669
3.4999999999999916,0.0,0.0,0.09691366320630748,0.0,0.0,129.1127887527392,0.9980342975380256,0.0,0.0,0.06267009604093413
3.5249999999999915,0.0,0.0,0.09764298061595478,0.0,0.0,128.58374725066145,0.9979576454094876,0.0,0.0,0.06387908866563116
3.5499999999999914,0.0,0.0,0.09836633349349323,0.0,0.0,128.05712468942275,0.9978789353263482,0.0,0.0,0.06509708466554952
3.5749999999999913,0.0,0.0,0.09908377343282483,0.0,0.0,127.53289954078214,0.9977981390393798,0.0,0.0,0.06632400568082984
3.599999999999991,0.0,0.0,0.09979535145322455,0.0,0.0,127.01105051778515,0.997715228383148,0.0,0.0,0.06755977392178736
3.624999999999991,0.0,0.0,0.10050111800748966,0.0,0.0,126.49155657132395,0.9976301752793841,0.0,0.0,0.0688043121615593
3.649999999999991,0.0,0.0,0.10120112298995125,0.0,0.0,125.9743968867559,0.9975429517402633,0.0,0.0,0.07005754372887209
3.674999999999991,0.0,0.0,0.10189541574435046,0.0,0.0,125.45955088057924,0.9974535298715919,0.0,0.0,0.07131939250092635
3.699999999999991,0.0,0.0,0.10258404507158231,0.0,0.0,124.94699819716504,0.9973618818759087,0.0,0.0,0.072589782896398
3.7249999999999908,0.0,0.0,0.10326705923730967,0.0,0.0,124.43671870554398,0.9972679800554964,0.0,0.0,0.0738686398685531
3.7499999999999907,0.0,0.0,0.10394450597944978,0.0,0.0,123.92869249624707,0.997171796815313,0.0,0.0,0.07515588889847538
3.7749999999999906,0.0,0.0,0.10461643251553607,0.0,0.0,123.42289987819926,0.997073304665837,0.0,0.0,0.07645145598840375
3.7999999999999905,0.0,0.0,0.10528288554995736,0.0,0.0,122.91932137566491,0.9969724762258343,0.0,0.0,0.0777552676551787
3.8249999999999904,0.0,0.0,0.10594391128107723,0.0,0.0,122.41793772524395,0.996869284225045,0.0,0.0,0.0790672509237955
3.8499999999999903,0.0,0.0,0.10659955540823543,0.0,0.0,121.91872987291795,0.9967637015067956,0.0,0.0,0.0803873333210626
3.8749999999999902,0.0,0.0,0.10724986313863405,0.0,0.0,121.42167897114507,0.9966557010305334,0.0,0.0,0.08171544286936341
3.89999999999999,0.0,0.0,0.10789487919411031,0.0,0.0,120.92676637600287,0.9965452558742884,0.0,0.0,0.0830515080805199
3.92499999999999,0.0,0.0,0.1085346478177984,0.0,0.0,120.43397364437817,0.9964323392370659,0.0,0.0,0.08439545794975642
3.94999999999999,0.0,0.0,0.1091692127806823,0.0,0.0,119.94328253120294,0.996316924441163,0.0,0.0,0.08574722194976178
3.97499999999999,0.0,0.0,0.1097986173880418,0.0,0.0,119.45467498673548,0.9961989849344246,0.0,0.0,0.08710673002484874
3.99999999999999,0.0,0.0,0.11042290448579371,0.0,0.0,118.96813315388592,0.9960784942924251,0.0,0.0,0.08847391258520836
4.02499999999999,0.0,0.0,0.11104211646673025,0.0,0.0,118.48363936558516,0.9959554262205891,0.0,0.0,0.08984870050125847
4.04999999999999,0.0,0.0,0.11165629527665649,0.0,0.0,118.00117614219666,0.9958297545562458,0.0,0.0,0.09123102509808441
4.07499999999999,0.0,0.0,0.11226548242042894,0.0,0.0,117.52072618896987,0.9957014532706226,0.0,0.0,0.09262081814997063
4.099999999999991,0.0,0.0,0.11286971896789694,0.0,0.0,117.04227239353497,0.9955704964707764,0.0,0.0,0.09401801187502147
4.124999999999991,0.0,0.0,0.1134690455597488,0.0,0.0,116.5657978234377,0.9954368584014646,0.0,0.0,0.09542253892987008
4.1499999999999915,0.0,0.0,0.11406350241326443,0.0,0.0,116.09128572371397,0.9953005134469588,0.0,0.0,0.09683433240447373
4.174999999999992,0.0,0.0,0.11465312932797628,0.0,0.0,115.61871951450303,0.9951614361328013,0.0,0.0,0.09825332581699422
4.199999999999992,0.0,0.0,0.1152379656912401,0.0,0.0,115.14808278869896,0.9950196011275043,0.0,0.0,0.09967945310876204
4.2249999999999925,0.0,0.0,0.11581805048371756,0.0,0.0,114.67935930963938,0.9948749832441967,0.0,0.0,0.10111264863932289
4.249999999999993,0.0,0.0,0.11639342228477184,0.0,0.0,114.21253300883089,0.9947275574422147,0.0,0.0,0.1025528471815653
4.274999999999993,0.0,0.0,0.11696411927777842,0.0,0.0,113.7475879837105,0.9945772988286424,0.0,0.0,0.10399998391692786
4.299999999999994,0.0,0.0,0.11753017925535207,0.0,0.0,113.28450849544244,0.9944241826598009,0.0,0.0,0.10545399443068512
4.324999999999994,0.0,0.0,0.11809163962449193,0.0,0.0,112.82327896674953,0.994268184342686,0.0,0.0,0.10691481470731043
4.349999999999994,0.0,0.0,0.11864853741164608,0.0,0.0,112.36388397977876,0.994109279436359,0.0,0.0,0.10838238112591486
4.374999999999995,0.0,0.0,0.119200909267697,0.0,0.0,111.9063082740002,0.9939474436532881,0.0,0.0,0.10985663045576093
4.399999999999995,0.0,0.0,0.11974879147286956,0.0,0.0,111.45053674413867,0.993782652860644,0.0,0.0,0.11133749985184947
4.424999999999995,0.0,0.0,0.12029221994156265,0.0,0.0,110.99655443813775,0.9936148830815495,0.0,0.0,0.11282492685057931
4.449999999999996,0.0,0.0,0.1208312302271062,0.0,0.0,110.54434655515529,0.9934441104962841,0.0,0.0,0.11431884936547773
4.474999999999996,0.0,0.0,0.1213658575264446,0.0,0.0,110.09389844359004,0.9932703114434451,0.0,0.0,0.11581920568300104
4.4999999999999964,0.0,0.0,0.12189613668474805,0.0,0.0,109.64519559913876,0.9930934624210664,0.0,0.0,0.1173259344584041
4.524999999999997,0.0,0.0,0.12242210219995314,0.0,0.0,109.19822366288324,0.9929135400876943,0.0,0.0,0.11883897471167747
4.549999999999997,0.0,0.0,0.12294378822723379,0.0,0.0,108.75296841940673,0.9927305212634229,0.0,0.0,0.1203582658235513
4.5749999999999975,0.0,0.0,0.12346122858340396,0.0,0.0,108.30941579493928,0.9925443829308903,0.0,0.0,0.12188374753156489
4.599999999999998,0.0,0.0,0.12397445675125325,0.0,0.0,107.86755185553136,0.992355102236234,0.0,0.0,0.12341535992620051
4.624999999999998,0.0,0.0,0.12448350588381663,0.0,0.0,107.42736280525534,0.9921626564900092,0.0,0.0,0.12495304344708098
4.649999999999999,0.0,0.0,0.1249884088085794,0.0,0.0,106.98883498443442,0.9919670231680688,0.0,0.0,0.12649673887922958
4.674999999999999,0.0,0.0,0.12548919803161868,0.0,0.0,106.55195486789825,0.9917681799124076,0.0,0.0,0.1280463873493914
4.699999999999999,0.0,0.0,0.1259859057416824,0.0,0.0,106.11670906326508,0.991566104531969,0.0,0.0,0.12960193032241515
4.725,0.0,0.0,0.1264785638142069,0.0,0.0,105.68308430924975,0.991360775003419,0.0,0.0,0.13116330959769448
4.75,0.0,0.0,0.1269672038152745,0.0,0.0,105.2510674739972,0.9911521694718826,0.0,0.0,0.1327304673056677
4.775,0.0,0.0,0.12745185700551143,0.0,0.0,104.82064555344088,0.9909402662516493,0.0,0.0,0.13430334590437523
4.800000000000001,0.0,0.0,0.12793255434392817,0.0,0.0,104.39180566968591,0.9907250438268456,0.0,0.0,0.13588188817607363
4.825000000000001,0.0,0.0,0.12840932649170217,0.0,0.0,103.9645350694162,0.990506480852072,0.0,0.0,0.13746603722390513
4.850000000000001,0.0,0.0,0.12888220381590465,0.0,0.0,103.5388211223254,0.9902845561530125,0.0,0.0,0.13905573646862218
4.875000000000002,0.0,0.0,0.12935121639317218,0.0,0.0,103.11465131957115,0.9900592487270115,0.0,0.0,0.14065092964536607
4.900000000000002,0.0,0.0,0.12981639401332404,0.0,0.0,102.69201327225217,0.9898305377436191,0.0,0.0,0.1422515608004981
4.9250000000000025,0.0,0.0,0.13027776618292627,0.0,0.0,102.2708947099079,0.98959840254511,0.0,0.0,0.14385757428848353
4.950000000000003,0.0,0.0,0.1307353621288035,0.0,0.0,101.8512834790403,0.9893628226469701,0.0,0.0,0.14546891476882629
4.975000000000003,0.0,0.0,0.1311892108014991,0.0,0.0,101.43316754165723,0.9891237777383574,0.0,0.0,0.1470855272030546
5.0000000000000036,0.0,0.0,0.13163934087868495,0.0,0.0,101.01653497383734,0.9888812476825337,0.0,0.0,0.14870735685175623
5.025000000000004,0.0,0.0,0.13208578076852148,0.0,0.0,100.60137396431593,0.9886352125172692,0.0,0.0,0.15033434927166234
5.050000000000004,0.0,0.0,0.13252855861296872,0.0,0.0,100.18767281309132,0.9883856524552213,0.0,0.0,0.15196645031277975
5.075000000000005,0.0,0.0,0.13296770229104948,0.0,0.0,99.77541993005168,0.988132547884287,0.0,0.0,0.15360360611557033
5.100000000000005,0.0,0.0,0.13340323942206528,0.0,0.0,99.36460383362162,0.9878758793679294,0.0,0.0,0.1552457631081769
5.125000000000005,0.0,0.0,0.13383519736876584,0.0,0.0,98.95521314942846,0.9876156276454799,0.0,0.0,0.15689286800369492
5.150000000000006,0.0,0.0,0.13426360324047298,0.0,0.0,98.5472366089878,0.9873517736324156,0.0,0.0,0.15854486779748933
5.175000000000006,0.0,0.0,0.1346884838961597,0.0,0.0,98.1406630484079,0.9870842984206126,0.0,0.0,0.16020170976455542
5.200000000000006,0.0,0.0,0.1351098659474851,0.0,0.0,97.73548140711279,0.9868131832785776,0.0,0.0,0.16186334145692352
5.225000000000007,0.0,0.0,0.13552777576178612,0.0,0.0,97.3316807265836,0.9865384096516527,0.0,0.0,0.16352971070110633
5.250000000000007,0.0,0.0,0.13594223946502632,0.0,0.0,96.92925014911796,0.9862599591622034,0.0,0.0,0.1652007655955887
5.2750000000000075,0.0,0.0,0.13635328294470314,0.0,0.0,96.528178916607,0.9859778136097788,0.0,0.0,0.16687645450835836
5.300000000000008,0.0,0.0,0.13676093185271374,0.0,0.0,96.12845636932983,0.9856919549712543,0.0,0.0,0.16855672607447802
5.325000000000008,0.0,0.0,0.1371652116081803,0.0,0.0,95.730071944765,0.9854023654009519,0.0,0.0,0.17024152919369717
5.3500000000000085,0.0,0.0,0.1375661474002356,0.0,0.0,95.33301517641897,0.9851090272307401,0.0,0.0,0.1719308130281036
5.375000000000009,0.0,0.0,0.13796376419076928,0.0,0.0,94.93727569267092,0.9848119229701128,0.0,0.0,0.1736245269998134
5.400000000000009,0.0,0.0,0.13835808671713568,0.0,0.0,94.54284321563397,0.9845110353062488,0.0,0.0,0.17532262078869948
5.42500000000001,0.0,0.0,0.13874913949482362,0.0,0.0,94.14970756003225,0.9842063471040541,0.0,0.0,0.1770250443301576
5.45000000000001,0.0,0.0,0.1391369468200891,0.0,0.0,93.7578586320939,0.9838978414061812,0.0,0.0,0.17873174781290904
5.47500000000001,0.0,0.0,0.13952153277255117,0.0,0.0,93.36728642845932,0.9835855014330328,0.0,0.0,0.18044268167683977
5.500000000000011,0.0,0.0,0.13990292121775177,0.0,0.0,92.97798103510483,0.9832693105827471,0.0,0.0,0.1821577966108756
5.525000000000011,0.0,0.0,0.1402811358096802,0.0,0.0,92.58993262628114,0.9829492524311636,0.0,0.0,0.1838770435508919
5.550000000000011,0.0,0.0,0.14065619999326257,0.0,0.0,92.20313146346666,0.9826253107317731,0.0,0.0,0.18560037367765833
5.575000000000012,0.0,0.0,0.14102813700681685,0.0,0.0,91.81756789433521,0.9822974694156501,0.0,0.0,0.18732773841481742
5.600000000000012,0.0,0.0,0.14139696988447445,0.0,0.0,91.43323235173806,0.9819657125913679,0.0,0.0,0.18905908942689645
5.625000000000012,0.0,0.0,0.14176272145856825,0.0,0.0,91.05011535269985,0.9816300245448986,0.0,0.0,0.1907943786173524
5.650000000000013,0.0,0.0,0.1421254143619881,0.0,0.0,90.6682074974285,0.981290389739496,0.0,0.0,0.1925335581266492
5.675000000000013,0.0,0.0,0.14248507103050423,0.0,0.0,90.28749946833845,0.9809467928155626,0.0,0.0,0.1942765803303664
5.7000000000000135,0.0,0.0,0.14284171370505871,0.0,0.0,89.90798202908746,0.9805992185905025,0.0,0.0,0.19602339783733966
5.725000000000014,0.0,0.0,0.1431953644340262,0.0,0.0,89.52964602362637,0.9802476520585569,0.0,0.0,0.19777396348783144
5.750000000000014,0.0,0.0,0.14354604507544377,0.0,0.0,89.15248237526188,0.9798920783906288,0.0,0.0,0.1995282303517325
5.775000000000015,0.0,0.0,0.14389377729921066,0.0,0.0,88.77648208573203,0.9795324829340876,0.0,0.0,0.20128615172679243
5.800000000000015,0.0,0.0,0.14423858258925834,0.0,0.0,88.40163623429412,0.9791688512125658,0.0,0.0,0.20304768113688007
5.825000000000015,0.0,0.0,0.14458048224569148,0.0,0.0,88.02793597682505,0.9788011689257364,0.0,0.0,0.20481277233027217
5.850000000000016,0.0,0.0,0.1449194973869001,0.0,0.0,87.65537254493368,0.9784294219490801,0.0,0.0,0.20658137927797054
5.875000000000016,0.0,0.0,0.14525564895164347,0.0,0.0,87.28393724508516,0.978053596333638,0.0,0.0,0.2083534561720471
5.900000000000016,0.0,0.0,0.14558895770110614,0.0,0.0,86.91362145773691,0.9776736783057504,0.0,0.0,0.21012895742401566
5.925000000000017,0.0,0.0,0.1459194442209267,0.0,0.0,86.54441663648632,0.9772896542667857,0.0,0.0,0.21190783766323162
5.950000000000017,0.0,0.0,0.1462471289231995,0.0,0.0,86.17631430722959,0.9769015107928526,0.0,0.0,0.21369005173531674
5.975000000000017,0.0,0.0,0.1465720320484498,0.0,0.0,85.80930606733193,0.9765092346345035,0.0,0.0,0.21547555470061097
6.000000000000018,0.0,0.0,0.14689417366758292,0.0,0.0,85.4433835848087,0.9761128127164255,0.0,0.0,0.21726430183264953
6.025000000000018,0.0,0.0,0.14721357368380758,0.0,0.0,85.07853859751734,0.9757122321371164,0.0,0.0,0.21905624861666434
6.0500000000000185,0.0,0.0,0.147530251834534,0.0,0.0,84.71476291236006,0.9753074801685542,0.0,0.0,0.2208513507481114
6.075000000000019,0.0,0.0,0.147844227693247,0.0,0.0,84.35204840449695,0.974898544255851,0.0,0.0,0.22264956413122133
6.100000000000019,0.0,0.0,0.14815552067135476,0.0,0.0,83.9903870165695,0.9744854120168978,0.0,0.0,0.22445084487757405
6.1250000000000195,0.0,0.0,0.1484641500200132,0.0,0.0,83.62977075793415,0.9740680712419993,0.0,0.0,0.22625514930469748
6.15000000000002,0.0,0.0,0.14877013483192678,0.0,0.0,83.27019170390608,0.9736465098934961,0.0,0.0,0.22806243393468817
6.17500000000002,0.0,0.0,0.14907349404312575,0.0,0.0,82.91164199501262,0.973220716105377,0.0,0.0,0.22987265549285552
6.200000000000021,0.0,0.0,0.14937424643472053,0.0,0.0,82.55411383625656,0.9727906781828827,0.0,0.0,0.2316857709063878
6.225000000000021,0.0,0.0,0.14967241063463319,0.0,0.0,82.19759949638893,0.9723563846020973,0.0,0.0,0.2335017373030401
6.250000000000021,0.0,0.0,0.14996800511930683,0.0,0.0,81.84209130719115,0.9719178240095326,0.0,0.0,0.23532051200984389
6.275000000000022,0.0,0.0,0.1502610482153927,0.0,0.0,81.48758166276654,0.9714749852216996,0.0,0.0,0.23714205255183737
6.300000000000022,0.0,0.0,0.150551558101416,0.0,0.0,81.13406301884092,0.9710278572246738,0.0,0.0,0.2389663166508172
6.325000000000022,0.0,0.0,0.15083955280941985,0.0,0.0,80.78152789207215,0.9705764291736488,0.0,0.0,0.24079326222410974
6.350000000000023,0.0,0.0,0.15112505022658887,0.0,0.0,80.42996885936856,0.9701206903924836,0.0,0.0,0.24262284738336334
6.375000000000023,0.0,0.0,0.1514080680968516,0.0,0.0,80.07937855721612,0.969660630373238,0.0,0.0,0.2444550304333595
6.4000000000000234,0.0,0.0,0.15168862402246264,0.0,0.0,79.7297496810141,0.9691962387757016,0.0,0.0,0.2462897698708437
6.425000000000024,0.0,0.0,0.15196673546556502,0.0,0.0,79.38107498441927,0.968727505426914,0.0,0.0,0.24812702438337536
6.450000000000024,0.0,0.0,0.15224241974973235,0.0,0.0,79.03334727869837,0.968254420320676,0.0,0.0,0.24996675284819647
6.4750000000000245,0.0,0.0,0.1525156940614919,0.0,0.0,78.68655943208879,0.9677769736170537,0.0,0.0,0.25180891433111824
6.500000000000025,0.0,0.0,0.15278657545182825,0.0,0.0,78.34070436916728,0.9672951556418732,0.0,0.0,0.25365346808542616
6.525000000000025,0.0,0.0,0.15305508083766825,0.0,0.0,77.99577507022677,0.9668089568862093,0.0,0.0,0.2555003735508026
6.550000000000026,0.0,0.0,0.15332122700334724,0.0,0.0,77.65176457066075,0.9663183680058661,0.0,0.0,0.25734959035226695
6.575000000000026,0.0,0.0,0.153585030602057,0.0,0.0,77.3086659603556,0.9658233798208484,0.0,0.0,0.2592010782991327
6.600000000000026,0.0,0.0,0.15384650815727569,0.0,0.0,76.9664723830904,0.9653239833148289,0.0,0.0,0.2610547973839814
6.625000000000027,0.0,0.0,0.15410567606417994,0.0,0.0,76.62517703594429,0.9648201696346059,0.0,0.0,0.2629107077816532
6.650000000000027,0.0,0.0,0.15436255059103948,0.0,0.0,76.2847731687111,0.964311930089555,0.0,0.0,0.26476876984825326
6.675000000000027,0.0,0.0,0.15461714788059455,0.0,0.0,75.94525408332136,0.9637992561510728,0.0,0.0,0.2666289441201744
6.700000000000028,0.0,0.0,0.1548694839514162,0.0,0.0,75.60661313327138,0.9632821394520159,0.0,0.0,0.2684911913131354
6.725000000000028,0.0,0.0,0.1551195746992499,0.0,0.0,75.26884372305943,0.9627605717861331,0.0,0.0,0.27035547232123475
6.750000000000028,0.0,0.0,0.15536743589834268,0.0,0.0,74.93193930762882,0.962234545107488,0.0,0.0,0.2722217482160185
6.775000000000029,0.0,0.0,0.15561308320275402,0.0,0.0,74.59589339181787,0.9617040515298798,0.0,0.0,0.2740899802455646
6.800000000000029,0.0,0.0,0.15585653214765066,0.0,0.0,74.26069952981655,0.9611690833262551,0.0,0.0,0.27596012983358004
6.8250000000000295,0.0,0.0,0.1560977981505857,0.0,0.0,73.92635132462983,0.9606296329281143,0.0,0.0,0.2778321585785138
6.85000000000003,0.0,0.0,0.156336896512762,0.0,0.0,73.59284242754757,0.9600856929249127,0.0,0.0,0.27970602825268237
6.87500000000003,0.0,0.0,0.1565738424202805,0.0,0.0,73.26016653762075,0.9595372560634554,0.0,0.0,0.28158170080141015
6.9000000000000306,0.0,0.0,0.15680865094537325,0.0,0.0,72.92831740114421,0.9589843152472867,0.0,0.0,0.28345913834218284
6.925000000000031,0.0,0.0,0.15704133704762158,0.0,0.0,72.59728881114557,0.9584268635360734,0.0,0.0,0.28533830316381426
6.950000000000031,0.0,0.0,0.1572719155751597,0.0,0.0,72.26707460688029,0.9578648941449844,0.0,0.0,0.28721915772562584
6.975000000000032,0.0,0.0,0.15750040126586382,0.0,0.0,71.93766867333281,0.9572984004440623,0.0,0.0,0.28910166465663917
7.000000000000032,0.0,0.0,0.15772680874852682,0.0,0.0,71.6090649407238,0.9567273759575927,0.0,0.0,0.29098578675478126
7.025000000000032,0.0,0.0,0.15795115254401929,0.0,0.0,71.28125738402316,0.956151814363467,0.0,0.0,0.2928714869861017
7.050000000000033,0.0,0.0,0.15817344706643635,0.0,0.0,70.95424002246891,0.9555717094925397,0.0,0.0,0.29475872848400203
7.075000000000033,0.0,0.0,0.1583937066242311,0.0,0.0,70.62800691909179,0.9549870553279823,0.0,0.0,0.2966474745484769
7.100000000000033,0.0,0.0,0.1586119454213345,0.0,0.0,70.30255218024554,0.9543978460046324,0.0,0.0,0.29853768864536717
7.125000000000034,0.0,0.0,0.15882817755826195,0.0,0.0,69.97786995514276,0.9538040758083359,0.0,0.0,0.30042933440562397
7.150000000000034,0.0,0.0,0.15904241703320704,0.0,0.0,69.65395443539617,0.9532057391752884,0.0,0.0,0.3023223756245842
7.1750000000000345,0.0,0.0,0.15925467774312216,0.0,0.0,69.33079985456538,0.9526028306913686,0.0,0.0,0.30421677626125676
7.200000000000035,0.0,0.0,0.15946497348478664,0.0,0.0,69.00840048770895,0.9519953450914705,0.0,0.0,0.3061125004376201
7.225000000000035,0.0,0.0,0.1596733179558623,0.0,0.0,68.6867506509417,0.9513832772588284,0.0,0.0,0.3080095124379294
7.2500000000000355,0.0,0.0,0.15987972475593662,0.0,0.0,68.36584470099721,0.9507666222243409,0.0,0.0,0.3099077767080351
7.275000000000036,0.0,0.0,0.1600842073875539,0.0,0.0,68.04567703479543,0.9501453751658882,0.0,0.0,0.31180725785471064
7.300000000000036,0.0,0.0,0.16028677925723434,0.0,0.0,67.72624208901532,0.9495195314076462,0.0,0.0,0.3137079206449909
7.325000000000037,0.0,0.0,0.1604874536764812,0.0,0.0,67.40753433967242,0.9488890864193995,0.0,0.0,0.3156097300055204
7.350000000000037,0.0,0.0,0.1606862438627767,0.0,0.0,67.08954830170143,0.9482540358158454,0.0,0.0,0.3175126510219099
7.375000000000037,0.0,0.0,0.16088316294056595,0.0,0.0,66.77227852854342,0.9476143753558995,0.0,0.0,0.31941664893810434
7.400000000000038,0.0,0.0,0.16107822394223004,0.0,0.0,66.455719611738,0.9469701009419941,0.0,0.0,0.32132168915575793
7.425000000000038,0.0,0.0,0.1612714398090475,0.0,0.0,66.13986618052,0.9463212086193746,0.0,0.0,0.32322773723361964
7.450000000000038,0.0,0.0,0.16146282339214527,0.0,0.0,65.8247129014209,0.9456676945753935,0.0,0.0,0.3251347588869273
7.475000000000039,0.0,0.0,0.16165238745343827,0.0,0.0,65.51025447787471,0.9450095551387983,0.0,0.0,0.3270427199868095
7.500000000000039,0.0,0.0,0.16184014466655883,0.0,0.0,65.19648564982847,0.9443467867790191,0.0,0.0,0.3289515865596972
7.525000000000039,0.0,0.0,0.1620261076177752,0.0,0.0,64.88340119335707,0.9436793861054513,0.0,0.0,0.3308613247867426
7.55000000000004,0.0,0.0,0.16221028880689975,0.0,0.0,64.57099592028244,0.9430073498667363,0.0,0.0,0.33277190100324705
7.57500000000004,0.0,0.0,0.162392700648187,0.0,0.0,64.25926467779713,0.9423306749500374,0.0,0.0,0.3346832816980958
7.6000000000000405,0.0,0.0,0.16257335547122148,0.0,0.0,63.948202348092046,0.9416493583803155,0.0,0.0,0.3365954335132019
7.625000000000041,0.0,0.0,0.16275226552179564,0.0,0.0,63.63780384798842,0.9409633973195991,0.0,0.0,0.33850832324295665
7.650000000000041,0.0,0.0,0.16292944296277792,0.0,0.0,63.328064128573914,0.9402727890662548,0.0,0.0,0.34042191783368814
7.675000000000042,0.0,0.0,0.1631048998749711,0.0,0.0,63.018978174842744,0.939577531054251,0.0,0.0,0.34233618438312674
7.700000000000042,0.0,0.0,0.16327864825796115,0.0,0.0,62.71054100533986,0.9388776208524227,0.0,0.0,0.34425109013987804
7.725000000000042,0.0,0.0,0.16345070003095663,0.0,0.0,62.402747671809095,0.938173056163732,0.0,0.0,0.3461666025029028
7.750000000000043,0.0,0.0,0.16362106703361876,0.0,0.0,62.095593258845156,0.9374638348245266,0.0,0.0,0.34808268902100364
7.775000000000043,0.0,0.0,0.16378976102688236,0.0,0.0,61.78907288354954,0.9367499548037945,0.0,0.0,0.3499993173923183
7.800000000000043,0.0,0.0,0.16395679369376773,0.0,0.0,61.48318169519016,0.9360314142024193,0.0,0.0,0.35191645546382017
7.825000000000044,0.0,0.0,0.16412217664018364,0.0,0.0,61.17791487486483,0.93530821125243,0.0,0.0,0.3538340712308241
7.850000000000044,0.0,0.0,0.16428592139572148,0.0,0.0,60.87326763516832,0.9345803443162506,0.0,0.0,0.3557521328364997
7.875000000000044,0.0,0.0,0.16444803941444072,0.0,0.0,60.56923521986311,0.9338478118859472,0.0,0.0,0.35767060857139027
7.900000000000045,0.0,0.0,0.16460854207564593,0.0,0.0,60.265812903553766,0.9331106125824724,0.0,0.0,0.3595894668729373
7.925000000000045,0.0,0.0,0.1647674406846552,0.0,0.0,59.96299599136478,0.9323687451549081,0.0,0.0,0.3615086763250118
7.9500000000000455,0.0,0.0,0.16492474647356034,0.0,0.0,59.66077981862196,0.9316222084797066,0.0,0.0,0.36342820565745065
7.975000000000046,0.0,0.0,0.16508047060197886,0.0,0.0,59.359159750537266,0.9308710015599289,0.0,0.0,0.3653480237455989
8.000000000000046,0.0,0.0,0.1652346241577978,0.0,0.0,59.058131181897004,0.9301151235244828,0.0,0.0,0.3672680996098575
8.025000000000047,0.0,0.0,0.1653872181579096,0.0,0.0,58.757689536753404,0.9293545736273564,0.0,0.0,0.3691884024152363
8.050000000000047,0.0,0.0,0.1655382635489401,0.0,0.0,58.45783026811949,0.9285893512468537,0.0,0.0,0.3711089014709125
8.075000000000047,0.0,0.0,0.16568777120796882,0.0,0.0,58.15854885766721,0.9278194558848245,0.0,0.0,0.373029566229794
8.100000000000048,0.0,0.0,0.16583575194324138,0.0,0.0,57.859840815428825,0.927044887165896,0.0,0.0,0.37495036628808803
8.125000000000048,0.0,0.0,0.16598221649487455,0.0,0.0,57.56170167950136,0.9262656448367004,0.0,0.0,0.37687127138487425
8.150000000000048,0.0,0.0,0.16612717553555378,0.0,0.0,57.264127015754326,0.9254817287651032,0.0,0.0,0.3787922514016833
8.175000000000049,0.0,0.0,0.16627063967122338,0.0,0.0,56.96711241754043,0.9246931389394275,0.0,0.0,0.38071327636207913
8.200000000000049,0.0,0.0,0.1664126194417693,0.0,0.0,56.67065350540934,0.9238998754676789,0.0,0.0,0.38263431643124635
8.22500000000005,0.0,0.0,0.166553125321695,0.0,0.0,56.37474592682452,0.9231019385767693,0.0,0.0,0.38455534191558255
8.25000000000005,0.0,0.0,0.16669216772078999,0.0,0.0,56.07938535588293,0.922299328611736,0.0,0.0,0.3864763232622935
8.27500000000005,0.0,0.0,0.16682975698479158,0.0,0.0,55.78456749303774,0.921492046034965,0.0,0.0,0.38839723105899426
8.30000000000005,0.0,0.0,0.16696590339603967,0.0,0.0,55.49028806482388,0.9206800914254079,0.0,0.0,0.39031803603331294
8.32500000000005,0.0,0.0,0.1671006171741248,0.0,0.0,55.19654282358641,0.9198634654778004,0.0,0.0,0.3922387090524995
8.350000000000051,0.0,0.0,0.16723390847652939,0.0,0.0,54.90332754721179,0.91904216900188,0.0,0.0,0.3941592211230379
8.375000000000052,0.0,0.0,0.16736578739926247,0.0,0.0,54.61063803886178,0.9182162029216003,0.0,0.0,0.3960795433902621
8.400000000000052,0.0,0.0,0.16749626397748799,0.0,0.0,54.31847012671022,0.917385568274347,0.0,0.0,0.3979996471379759
8.425000000000052,0.0,0.0,0.16762534818614638,0.0,0.0,54.026819663682396,0.916550266210151,0.0,0.0,0.39991950378807667
8.450000000000053,0.0,0.0,0.16775304994057016,0.0,0.0,53.735682527197106,0.9157102979909009,0.0,0.0,0.40183908490018155
8.475000000000053,0.0,0.0,0.16787937909709294,0.0,0.0,53.44505461891136,0.9148656649895562,0.0,0.0,0.40375836217125866
8.500000000000053,0.0,0.0,0.1680043454536525,0.0,0.0,53.15493186446763,0.9140163686893565,0.0,0.0,0.40567730743525965
8.525000000000054,0.0,0.0,0.16812795875038758,0.0,0.0,52.86531021324369,0.9131624106830337,0.0,0.0,0.40759589266275775
8.550000000000054,0.0,0.0,0.16825022867022882,0.0,0.0,52.57618563810496,0.9123037926720203,0.0,0.0,0.4095140899605868
8.575000000000054,0.0,0.0,0.1683711648394836,0.0,0.0,52.28755413515933,0.9114405164656582,0.0,0.0,0.41143187157148453
8.600000000000055,0.0,0.0,0.16849077682841523,0.0,0.0,51.999411723514456,0.9105725839804072,0.0,0.0,0.4133492098737388
8.625000000000055,0.0,0.0,0.1686090741518161,0.0,0.0,51.71175444503743,0.9096999972390529,0.0,0.0,0.4152660773808364
8.650000000000055,0.0,0.0,0.1687260662695754,0.0,0.0,51.4245783641169,0.9088227583699129,0.0,0.0,0.4171824467411143
8.675000000000056,0.0,0.0,0.16884176258724096,0.0,0.0,51.13787956742749,0.907940869606043,0.0,0.0,0.4190982907374147
8.700000000000056,0.0,0.0,0.16895617245657576,0.0,0.0,50.85165416369659,0.9070543332844431,0.0,0.0,0.4210135822867411
8.725000000000056,0.0,0.0,0.16906930517610883,0.0,0.0,50.56589828347337,0.9061631518452632,0.0,0.0,0.4229282944399186
8.750000000000057,0.0,0.0,0.1691811699916807,0.0,0.0,50.28060807890018,0.9052673278310076,0.0,0.0,0.42484240038125554
8.775000000000057,0.0,0.0,0.16929177609698376,0.0,0.0,49.99577972348601,0.9043668638857393,0.0,0.0,0.42675587342820764
8.800000000000058,0.0,0.0,0.16940113263409698,0.0,0.0,49.71140941188231,0.9034617627542848,0.0,0.0,0.4286686870310454
8.825000000000058,0.0,0.0,0.1695092486940158,0.0,0.0,49.42749335966089,0.9025520272814367,0.0,0.0,0.43058081477252186
8.850000000000058,0.0,0.0,0.16961613331717665,0.0,0.0,49.14402780309403,0.9016376604111581,0.0,0.0,0.43249223036754464
8.875000000000059,0.0,0.0,0.1697217954939765,0.0,0.0,48.86100899893661,0.9007186651857854,0.0,0.0,0.43440290766284845
8.900000000000059,0.0,0.0,0.1698262441652875,0.0,0.0,48.578433224210436,0.8997950447452311,0.0,0.0,0.43631282063667065
8.92500000000006,0.0,0.0,0.16992948822296644,0.0,0.0,48.29629677599054,0.8988668023261872,0.0,0.0,0.438221943398428
8.95000000000006,0.0,0.0,0.1700315365103597,0.0,0.0,48.01459597119359,0.897933941261327,0.0,0.0,0.4401302501883957
8.97500000000006,0.0,0.0,0.17013239782280307,0.0,0.0,47.73332714636823,0.8969964649785077,0.0,0.0,0.442037715377388
9.00000000000006,0.0,0.0,0.17023208090811703,0.0,0.0,47.45248665748745,0.8960543769999733,0.0,0.0,0.44394431346644103
9.02500000000006,0.0,0.0,0.17033059446709736,0.0,0.0,47.172070879742876,0.8951076809415561,0.0,0.0,0.4458500190864966
9.050000000000061,0.0,0.0,0.170427947154001,0.0,0.0,46.892076207341034,0.8941563805118794,0.0,0.0,0.4477548069980879
9.075000000000061,0.0,0.0,0.17052414757702752,0.0,0.0,46.61249905330146,0.8932004795115599,0.0,0.0,0.4496586520910271
9.100000000000062,0.0,0.0,0.170619204298796,0.0,0.0,46.33333584925672,0.8922399818324093,0.0,0.0,0.4515615293840939
9.125000000000062,0.0,0.0,0.17071312583681753,0.0,0.0,46.05458304525426,0.8912748914566372,0.0,0.0,0.45346341402472545
9.150000000000063,0.0,0.0,0.1708059206639632,0.0,0.0,45.776237109560114,0.8903052124560531,0.0,0.0,0.45536428128870826
9.175000000000063,0.0,0.0,0.17089759720892803,0.0,0.0,45.498294528464385,0.8893309489912696,0.0,0.0,0.45726410657987093
9.200000000000063,0.0,0.0,0.17098816385669047,0.0,0.0,45.22075180608851,0.8883521053109041,0.0,0.0,0.4591628654297779
9.225000000000064,0.0,0.0,0.1710776289489677,0.0,0.0,44.943605464194285,0.887368685750782,0.0,0.0,0.46106053349742476
9.250000000000064,0.0,0.0,0.17116600078466673,0.0,0.0,44.666852041994645,0.8863806947331401,0.0,0.0,0.4629570865689347
9.275000000000064,0.0,0.0,0.17125328762033168,0.0,0.0,44.390488095966106,0.8853881367658292,0.0,0.0,0.4648525005572558
9.300000000000065,0.0,0.0,0.1713394976705866,0.0,0.0,44.11451019966291,0.8843910164415181,0.0,0.0,0.4667467515018594
9.325000000000065,0.0,0.0,0.17142463910857467,0.0,0.0,43.838914943532856,0.8833893384368973,0.0,0.0,0.46863981556843937
9.350000000000065,0.0,0.0,0.1715087200663933,0.0,0.0,43.56369893473476,0.8823831075118829,0.0,0.0,0.4705316690486124
9.375000000000066,0.0,0.0,0.1715917486355254,0.0,0.0,43.28885879695752,0.8813723285088209,0.0,0.0,0.472422288359619
9.400000000000066,0.0,0.0,0.17167373286726664,0.0,0.0,43.01439117024079,0.8803570063516925,0.0,0.0,0.4743116500440256
9.425000000000066,0.0,0.0,0.17175468077314932,0.0,0.0,42.74029271079724,0.8793371460453185,0.0,0.0,0.47619973076942657
9.450000000000067,0.0,0.0,0.17183460032536202,0.0,0.0,42.46656009083635,0.8783127526745654,0.0,0.0,0.478086507328148
9.475000000000067,0.0,0.0,0.17191349945716602,0.0,0.0,42.193189998389784,0.877283831403552,0.0,0.0,0.47997195663695197
9.500000000000068,0.0,0.0,0.17199138606330777,0.0,0.0,41.9201791371382,0.8762503874748541,0.0,0.0,0.4818560557367399
9.525000000000068,0.0,0.0,0.17206826800042796,0.0,0.0,41.64752422623964,0.8752124262087129,0.0,0.0,0.48373878179225865
9.550000000000068,0.0,0.0,0.1721441530874669,0.0,0.0,41.37522200015935,0.8741699530022419,0.0,0.0,0.4856201120918057
9.575000000000069,0.0,0.0,0.1722190491060665,0.0,0.0,41.10326920850104,0.8731229733286355,0.0,0.0,0.48750002404693543
9.600000000000069,0.0,0.0,0.17229296380096892,0.0,0.0,40.83166261583964,0.8720714927363765,0.0,0.0,0.48937849519216503
9.62500000000007,0.0,0.0,0.17236590488041154,0.0,0.0,40.560399001555396,0.8710155168484456,0.0,0.0,0.49125550318468175
9.65000000000007,0.0,0.0,0.17243788001651877,0.0,0.0,40.28947515966942,0.8699550513615317,0.0,0.0,0.49313102580405
9.67500000000007,0.0,0.0,0.1725088968456906,0.0,0.0,40.018887898680596,0.8688901020452412,0.0,0.0,0.49500504095191844
9.70000000000007,0.0,0.0,0.17257896296898767,0.0,0.0,39.748634041403854,0.8678206747413094,0.0,0.0,0.49687752665172785
9.72500000000007,0.0,0.0,0.1726480859525133,0.0,0.0,39.478710424809776,0.8667467753628125,0.0,0.0,0.4987484610484188
9.750000000000071,0.0,0.0,0.1727162733277923,0.0,0.0,39.20911389986553,0.8656684098933795,0.0,0.0,0.50061782240814
9.775000000000071,0.0,0.0,0.1727835325921466,0.0,0.0,38.93984133137712,0.8645855843864045,0.0,0.0,0.5024855891179559
9.800000000000072,0.0,0.0,0.17284987120906778,0.0,0.0,38.67088959783291,0.8634983049642622,0.0,0.0,0.5043517396855552
9.825000000000072,0.0,0.0,0.17291529660858662,0.0,0.0,38.40225559124843,0.8624065778175203,0.0,0.0,0.506216252738959
9.850000000000072,0.0,0.0,0.17297981618763955,0.0,0.0,38.133936217012405,0.8613104092041558,0.0,0.0,0.5080791070262284
9.875000000000073,0.0,0.0,0.1730434373104322,0.0,0.0,37.86592839373409,0.8602098054487715,0.0,0.0,0.509940281415174
9.900000000000073,0.0,0.0,0.17310616730879994,0.0,0.0,37.59822905309174,0.859104772941811,0.0,0.0,0.5117997548930628
9.925000000000074,0.0,0.0,0.17316801348256558,0.0,0.0,37.33083513968237,0.8579953181387785,0.0,0.0,0.513657506566327
9.950000000000074,0.0,0.0,0.17322898309989423,0.0,0.0,37.0637436108726,0.8568814475594554,0.0,0.0,0.5155135156602708
9.975000000000074,0.0,0.0,0.1732890833976453,0.0,0.0,36.79695143665076,0.8557631677871206,0.0,0.0,0.5173677615187792
10.000000000000075,0.0,0.0,0.17334832158172164,0.0,0.0,36.53045559948012,0.8546404854677705,0.0,0.0,0.5192202236040248
10.025000000000075,0.0,0.0,0.17340670482741627,0.0,0.0,36.26425309415325,0.8535134073093397,0.0,0.0,0.5210708814961752
10.050000000000075,0.0,0.0,0.17346424027975588,0.0,0.0,35.99834092764749,0.8523819400809234,0.0,0.0,0.5229197148931001
10.075000000000076,0.0,0.0,0.17352093505384214,0.0,0.0,35.73271611898159,0.851246090612,0.0,0.0,0.5247667036100774
10.100000000000076,0.0,0.0,0.17357679623519012,0.0,0.0,35.46737569907336,0.8501058657916549,0.0,0.0,0.5266118275794998
10.125000000000076,0.0,0.0,0.1736318308800642,0.0,0.0,35.202316710598446,0.8489612725678057,0.0,0.0,0.5284550668505807
10.150000000000077,0.0,0.0,0.17368604601581142,0.0,0.0,34.937536207850165,0.8478123179464275,0.0,0.0,0.5302964015890601
10.175000000000077,0.0,0.0,0.1737394486411922,0.0,0.0,34.673031256600396,0.8466590089907795,0.0,0.0,0.5321358120769085
10.200000000000077,0.0,0.0,0.17379204572670875,0.0,0.0,34.40879893396145,0.8455013528206337,0.0,0.0,0.5339732787120329
10.225000000000078,0.0,0.0,0.1738438442149309,0.0,0.0,34.14483632824904,0.8443393566115021,0.0,0.0,0.5358087820079797
10.250000000000078,0.0,0.0,0.17389485102081953,0.0,0.0,33.881140538846196,0.8431730275938681,0.0,0.0,0.5376423025936391
10.275000000000079,0.0,0.0,0.1739450730320476,0.0,0.0,33.61770867606818,0.8420023730524164,0.0,0.0,0.5394738212129477
10.300000000000079,0.0,0.0,0.17399451710931885,0.0,0.0,33.35453786102842,0.840827400325265,0.0,0.0,0.5413033187245911
10.32500000000008,0.0,0.0,0.17404319008668423,0.0,0.0,33.09162522550531,0.8396481168031991,0.0,0.0,0.5431307761017061
10.35000000000008,0.0,0.0,0.17409109877185583,0.0,0.0,32.828967911810096,0.838464529928903,0.0,0.0,0.544956174431581
10.37500000000008,0.0,0.0,0.17413824994651886,0.0,0.0,32.56656307265557,0.8372766471961983,0.0,0.0,0.5467794949153572
10.40000000000008,0.0,0.0,0.17418465036664108,0.0,0.0,32.304407871025745,0.8360844761492776,0.0,0.0,0.5486007188677283
10.42500000000008,0.0,0.0,0.17423030676278034,0.0,0.0,32.04249948004646,0.8348880243819433,0.0,0.0,0.5504198277166399
10.450000000000081,0.0,0.0,0.17427522584038974,0.0,0.0,31.780835082856814,0.8336872995368462,0.0,0.0,0.5522368030029879
10.475000000000081,0.0,0.0,0.17431941428012065,0.0,0.0,31.519411872481562,0.8324823093047246,0.0,0.0,0.5540516263803159
10.500000000000082,0.0,0.0,0.17436287873812384,0.0,0.0,31.25822705170431,0.8312730614236451,0.0,0.0,0.5558642796145122
10.525000000000082,0.0,0.0,0.17440562584634828,0.0,0.0,30.997277832941606,0.8300595636782465,0.0,0.0,0.5576747445835066
10.550000000000082,0.0,0.0,0.17444766221283808,0.0,0.0,30.73656143811787,0.8288418238989802,0.0,0.0,0.5594830032769644
10.575000000000083,0.0,0.0,0.1744889944220273,0.0,0.0,30.47607509854116,0.8276198499613576,0.0,0.0,0.5612890377959826
10.600000000000083,0.0,0.0,0.17452962903503283,0.0,0.0,30.215816054779737,0.8263936497851936,0.0,0.0,0.5630928303527817
10.625000000000083,0.0,0.0,0.1745695725899453,0.0,0.0,29.955781556539463,0.8251632313338553,0.0,0.0,0.5648943632703998
10.650000000000084,0.0,0.0,0.17460883160211804,0.0,0.0,29.69596886254198,0.8239286026135086,0.0,0.0,0.5666936189823836
10.675000000000084,0.0,0.0,0.17464741256445426,0.0,0.0,29.436375240403688,0.8226897716723691,0.0,0.0,0.5684905800324797
10.700000000000085,0.0,0.0,0.17468532194769212,0.0,0.0,29.176997966515465,0.8214467465999519,0.0,0.0,0.5702852290743244
10.725000000000085,0.0,0.0,0.17472256620068816,0.0,0.0,28.91783432592318,0.8201995355263236,0.0,0.0,0.5720775488711326
10.750000000000085,0.0,0.0,0.17475915175069884,0.0,0.0,28.658881612208944,0.8189481466213565,0.0,0.0,0.5738675222953857
10.775000000000086,0.0,0.0,0.17479508500366034,0.0,0.0,28.40013712737309,0.8176925880939824,0.0,0.0,0.5756551323285191
10.800000000000086,0.0,0.0,0.17483037234446644,0.0,0.0,28.14159818171688,0.8164328681914483,0.0,0.0,0.5774403620606072
10.825000000000086,0.0,0.0,0.17486502013724486,0.0,0.0,27.88326209372595,0.8151689951985742,0.0,0.0,0.5792231946900492
10.850000000000087,0.0,0.0,0.1748990347256318,0.0,0.0,27.625126189954425,0.8139009774370116,0.0,0.0,0.5810036135232525
10.875000000000087,0.0,0.0,0.1749324224330448,0.0,0.0,27.367187804909747,0.812628823264503,0.0,0.0,0.5827816019743155
10.900000000000087,0.0,0.0,0.17496518956295382,0.0,0.0,27.109444280938185,0.8113525410741426,0.0,0.0,0.5845571435647088
10.925000000000088,0.0,0.0,0.174997342399151,0.0,0.0,26.851892968111006,0.8100721392936409,0.0,0.0,0.5863302219229573
10.950000000000088,0.0,0.0,0.17502888720601847,0.0,0.0,26.594531224111314,0.8087876263845857,0.0,0.0,0.5881008207843172
10.975000000000088,0.0,0.0,0.1750598302287948,0.0,0.0,26.337356414121537,0.8074990108417104,0.0,0.0,0.589868923990457
11.000000000000089,0.0,0.0,0.17509017769383972,0.0,0.0,26.08036591071155,0.8062063011921577,0.0,0.0,0.5916345154891318
11.02500000000009,0.0,0.0,0.17511993580889756,0.0,0.0,25.823557093727434,0.8049095059947503,0.0,0.0,0.5933975793338618
11.05000000000009,0.0,0.0,0.17514911076335887,0.0,0.0,25.56692735018085,0.8036086338392586,0.0,0.0,0.5951580996836052
11.07500000000009,0.0,0.0,0.1751777087285208,0.0,0.0,25.310474074139016,0.8023036933456724,0.0,0.0,0.5969160608024325
11.10000000000009,0.0,0.0,0.1752057358578458,0.0,0.0,25.05419466661528,0.8009946931634724,0.0,0.0,0.5986714470591986
11.12500000000009,0.0,0.0,0.17523319828721923,0.0,0.0,24.798086535460303,0.7996816419709044,0.0,0.0,0.600424242927214
11.150000000000091,0.0,0.0,0.1752601021352051,0.0,0.0,24.542147095253792,0.798364548474255,0.0,0.0,0.6021744329839146
11.175000000000091,0.0,0.0,0.17528645350330083,0.0,0.0,24.28637376719682,0.7970434214071264,0.0,0.0,0.6039220019105301
11.200000000000092,0.0,0.0,0.17531225847619034,0.0,0.0,24.030763979004693,0.7957182695297156,0.0,0.0,0.6056669344917509
11.225000000000092,0.0,0.0,0.17533752312199596,0.0,0.0,23.77531516480037,0.7943891016280941,0.0,0.0,0.607409215615395
11.250000000000092,0.0,0.0,0.1753622534925291,0.0,0.0,23.520024765008433,0.7930559265134878,0.0,0.0,0.609148830272072
11.275000000000093,0.0,0.0,0.17538645562353927,0.0,0.0,23.26489022624956,0.7917187530215591,0.0,0.0,0.610885763554846
11.300000000000093,0.0,0.0,0.17541013553496224,0.0,0.0,23.009909001235542,0.7903775900116923,0.0,0.0,0.6126200006588989
11.325000000000093,0.0,0.0,0.1754332992311667,0.0,0.0,22.75507854866481,0.7890324463662766,0.0,0.0,0.6143515268811895
11.350000000000094,0.0,0.0,0.1754559527011998,0.0,0.0,22.500396333118438,0.7876833309899942,0.0,0.0,0.616080327620114
11.375000000000094,0.0,0.0,0.17547810191903124,0.0,0.0,22.245859824956668,0.7863302528091087,0.0,0.0,0.6178063883751632
11.400000000000095,0.0,0.0,0.17549975284379662,0.0,0.0,21.991466500215903,0.7849732207707535,0.0,0.0,0.6195296947465794
11.425000000000095,0.0,0.0,0.1755209114200392,0.0,0.0,21.737213840506175,0.7836122438422236,0.0,0.0,0.6212502324350112
11.450000000000095,0.0,0.0,0.17554158357795066,0.0,0.0,21.48309933290908,0.7822473310102686,0.0,0.0,0.6229679872411675
11.475000000000096,0.0,0.0,0.17556177523361086,0.0,0.0,21.22912046987616,0.7808784912803857,0.0,0.0,0.6246829450654698
11.500000000000096,0.0,0.0,0.17558149228922632,0.0,0.0,20.975274749127745,0.7795057336761164,0.0,0.0,0.6263950919077027
11.525000000000096,0.0,0.0,0.1756007406333676,0.0,0.0,20.72155967355223,0.7781290672383434,0.0,0.0,0.6281044138666638
11.550000000000097,0.0,0.0,0.17561952614120593,0.0,0.0,20.467972751105766,0.7767485010245887,0.0,0.0,0.6298108971398116
11.575000000000097,0.0,0.0,0.17563785467474832,0.0,0.0,20.214511494712394,0.7753640441083138,0.0,0.0,0.6315145280229116
11.600000000000097,0.0,0.0,0.175655732083072,0.0,0.0,19.961173422164574,0.7739757055782217,0.0,0.0,0.6332152929096817
11.625000000000098,0.0,0.0,0.1756731642025578,0.0,0.0,19.70795605602412,0.7725834945375597,0.0,0.0,0.6349131782914357
11.650000000000098,0.0,0.0,0.17569015685712244,0.0,0.0,19.45485692352354,0.7711874201034247,0.0,0.0,0.6366081707567254
11.675000000000098,0.0,0.0,0.17570671585844996,0.0,0.0,19.201873556467742,0.7697874914060683,0.0,0.0,0.6383002569909809
11.700000000000099,0.0,0.0,0.17572284700622215,0.0,0.0,18.949003491136143,0.7683837175882055,0.0,0.0,0.6399894237761502
11.7250000000001,0.0,0.0,0.1757385560883481,0.0,0.0,18.696244268185122,0.7669761078043236,0.0,0.0,0.6416756579903363
11.7500000000001,0.0,0.0,0.17575384888119278,0.0,0.0,18.44359343255085,0.7655646712199923,0.0,0.0,0.6433589466074326
11.7750000000001,0.0,0.0,0.17576873114980487,0.0,0.0,18.191048533352465,0.7641494170111772,0.0,0.0,0.6450392766967589
11.8000000000001,0.0,0.0,0.17578320864814362,0.0,0.0,17.938607123795602,0.7627303543635533,0.0,0.0,0.646716635422693
11.8250000000001,0.0,0.0,0.1757972871193048,0.0,0.0,17.686266761076237,0.7613074924718196,0.0,0.0,0.6483910100443023
11.850000000000101,0.0,0.0,0.1758109722957461,0.0,0.0,17.434025006284887,0.7598808405390165,0.0,0.0,0.6500623879149736
11.875000000000101,0.0,0.0,0.17582426989951133,0.0,0.0,17.181879424311106,0.7584504077758448,0.0,0.0,0.6517307564820419
11.900000000000102,0.0,0.0,0.1758371856424542,0.0,0.0,16.929827583748306,0.7570162033999849,0.0,0.0,0.653396103286416
11.925000000000102,0.0,0.0,0.17584972522646114,0.0,0.0,16.67786705679888,0.7555782366354186,0.0,0.0,0.6550584159622038
11.950000000000102,0.0,0.0,0.17586189434367333,0.0,0.0,16.425995419179618,0.754136516711752,0.0,0.0,0.6567176822363363
11.975000000000103,0.0,0.0,0.17587369867670818,0.0,0.0,16.174210250027404,0.7526910528635408,0.0,0.0,0.6583738899281887
12.000000000000103,0.0,0.0,0.17588514389887996,0.0,0.0,15.922509131805219,0.7512418543296155,0.0,0.0,0.6600270269492007
12.025000000000103,0.0,0.0,0.17589623567441975,0.0,0.0,15.670889650208384,0.7497889303524101,0.0,0.0,0.6616770813024951
12.050000000000104,0.0,0.0,0.17590697965869478,0.0,0.0,15.419349394071082,0.7483322901772906,0.0,0.0,0.663324041082495
12.075000000000104,0.0,0.0,0.175917381498427,0.0,0.0,15.167885955273144,0.7468719430518859,0.0,0.0,0.6649678944745383
12.100000000000104,0.0,0.0,0.17592744683191117,0.0,0.0,14.91649692864707,0.7454078982254205,0.0,0.0,0.666608629754492
12.125000000000105,0.0,0.0,0.17593718128923214,0.0,0.0,14.665179911885302,0.7439401649480483,0.0,0.0,0.6682462352883634
12.150000000000105,0.0,0.0,0.17594659049248174,0.0,0.0,14.413932505447718,0.7424687524701878,0.0,0.0,0.6698806995319114
12.175000000000106,0.0,0.0,0.17595568005597487,0.0,0.0,14.16275231246937,0.7409936700418592,0.0,0.0,0.6715120110302542
12.200000000000106,0.0,0.0,0.17596445558646517,0.0,0.0,13.911636938668424,0.7395149269120233,0.0,0.0,0.6731401584174761
12.225000000000106,0.0,0.0,0.17597292268336012,0.0,0.0,13.660583992254319,0.7380325323279208,0.0,0.0,0.6747651304162335
12.250000000000107,0.0,0.0,0.17598108693893552,0.0,0.0,13.409591083836126,0.7365464955344145,0.0,0.0,0.6763869158373575
12.275000000000107,0.0,0.0,0.17598895393854957,0.0,0.0,13.158655826331106,0.7350568257733329,0.0,0.0,0.6780055035794565
12.300000000000107,0.0,0.0,0.1759965292608564,0.0,0.0,12.907775834873451,0.7335635322828132,0.0,0.0,0.6796208826285153
12.325000000000108,0.0,0.0,0.17600381847801905,0.0,0.0,12.656948726723215,0.7320666242966497,0.0,0.0,0.6812330420574942
12.350000000000108,0.0,0.0,0.17601082715592214,0.0,0.0,12.406172121175404,0.7305661110436403,0.0,0.0,0.6828419710259259
12.375000000000108,0.0,0.0,0.17601756085438403,0.0,0.0,12.155443639469247,0.7290620017469358,0.0,0.0,0.684447658779509
12.400000000000109,0.0,0.0,0.17602402512736845,0.0,0.0,11.904760904697621,0.7275543056233911,0.0,0.0,0.6860500946497022
12.425000000000109,0.0,0.0,0.17603022552319586,0.0,0.0,11.654121541716616,0.7260430318829175,0.0,0.0,0.6876492680533157
12.45000000000011,0.0,0.0,0.17603616758475438,0.0,0.0,11.403523177055263,0.7245281897278368,0.0,0.0,0.6892451684921002
12.47500000000011,0.0,0.0,0.1760418568497103,0.0,0.0,11.152963438825383,0.7230097883522365,0.0,0.0,0.6908377855523351
12.50000000000011,0.0,0.0,0.17604729885071826,0.0,0.0,10.902439956631573,0.7214878369413267,0.0,0.0,0.6924271089044144
12.52500000000011,0.0,0.0,0.17605249911563112,0.0,0.0,10.651950361481315,0.7199623446707984,0.0,0.0,0.6940131283024309
12.55000000000011,0.0,0.0,0.1760574631677094,0.0,0.0,10.401492285695193,0.7184333207061844,0.0,0.0,0.695595833583759
12.575000000000111,0.0,0.0,0.17606219652583055,0.0,0.0,10.151063362817224,0.7169007742022199,0.0,0.0,0.6971752146686353
12.600000000000112,0.0,0.0,0.17606670470469787,0.0,0.0,9.900661227525287,0.7153647143022056,0.0,0.0,0.6987512615597368
12.625000000000112,0.0,0.0,0.1760709932150491,0.0,0.0,9.650283515541647,0.7138251501373729,0.0,0.0,0.7003239643417586
12.650000000000112,0.0,0.0,0.1760750675638648,0.0,0.0,9.399927863543558,0.7122820908262496,0.0,0.0,0.7018933131809895
12.675000000000113,0.0,0.0,0.17607893325457652,0.0,0.0,9.149591909073958,0.7107355454740266,0.0,0.0,0.7034592983248839
12.700000000000113,0.0,0.0,0.17608259578727475,0.0,0.0,8.899273290452221,0.7091855231719286,0.0,0.0,0.7050219101016351
12.725000000000113,0.0,0.0,0.17608606065891655,0.0,0.0,8.648969646684987,0.7076320329965835,0.0,0.0,0.7065811389197438
12.750000000000114,0.0,0.0,0.17608933336353308,0.0,0.0,8.398678617377037,0.7060750840093943,0.0,0.0,0.7081369752675867
12.775000000000114,0.0,0.0,0.176092419392437,0.0,0.0,8.148397842642229,0.704514685255914,0.0,0.0,0.7096894097129819
12.800000000000114,0.0,0.0,0.17609532423442958,0.0,0.0,7.898124963014471,0.7029508457652184,0.0,0.0,0.7112384329027532
12.825000000000115,0.0,0.0,0.17609805337600784,0.0,0.0,7.647857619358733,0.7013835745492849,0.0,0.0,0.7127840355622928
12.850000000000115,0.0,0.0,0.17610061230157134,0.0,0.0,7.397593452782088,0.6998128806023688,0.0,0.0,0.7143262084951207
12.875000000000115,0.0,0.0,0.17610300649362914,0.0,0.0,7.147330104544774,0.6982387729003835,0.0,0.0,0.7158649425824446
12.900000000000116,0.0,0.0,0.1761052414330064,0.0,0.0,6.897065215971272,0.6966612604002812,0.0,0.0,0.7174002287827149
12.925000000000116,0.0,0.0,0.17610732259905112,0.0,0.0,6.646796428361399,0.6950803520394351,0.0,0.0,0.7189320581311803
12.950000000000117,0.0,0.0,0.17610925546984063,0.0,0.0,6.396521382901389,0.6934960567350237,0.0,0.0,0.7204604217394408
12.975000000000117,0.0,0.0,0.1761110455223882,0.0,0.0,6.146237720574984,0.6919083833834152,0.0,0.0,0.7219853107949975
13.000000000000117,0.0,0.0,0.1761126982328496,0.0,0.0,5.895943082074509,0.690317340859555,0.0,0.0,0.7235067165608023
13.025000000000118,0.0,0.0,0.17611421907672956,0.0,0.0,5.645635107711925,0.6887229380163534,0.0,0.0,0.7250246303748048
13.050000000000118,0.0,0.0,0.17611561352908822,0.0,0.0,5.395311437329868,0.6871251836840755,0.0,0.0,0.7265390436494968
13.075000000000118,0.0,0.0,0.17611688706474785,0.0,0.0,5.144969710212651,0.6855240866697319,0.0,0.0,0.7280499478714563
13.100000000000119,0.0,0.0,0.1761180451584993,0.0,0.0,4.894607564997243,0.6839196557564707,0.0,0.0,0.7295573346008871
13.125000000000119,0.0,0.0,0.17611909328530873,0.0,0.0,4.644222639584206,0.6823118997029726,0.0,0.0,0.7310611954711594
13.15000000000012,0.0,0.0,0.17612003692052425,0.0,0.0,4.393812571048595,0.6807008272428445,0.0,0.0,0.7325615221883462
13.17500000000012,0.0,0.0,0.1761208815400828,0.0,0.0,4.143374995550822,0.6790864470840178,0.0,0.0,0.7340583065307588
13.20000000000012,0.0,0.0,0.176121632620717,0.0,0.0,3.8929075482474937,0.6774687679081447,0.0,0.0,0.7355515403484791
13.22500000000012,0.0,0.0,0.17612229564016235,0.0,0.0,3.642407863202219,0.6758477983699989,0.0,0.0,0.7370412155628918
13.25000000000012,0.0,0.0,0.17612287607736418,0.0,0.0,3.391873573296425,0.6742235470968759,0.0,0.0,0.7385273241662129
13.275000000000121,0.0,0.0,0.1761233794126852,0.0,0.0,3.141302310140211,0.6725960226879953,0.0,0.0,0.740009858221017
13.300000000000122,0.0,0.0,0.17612381112811284,0.0,0.0,2.8906917039833155,0.6709652337139042,0.0,0.0,0.7414888098597618
13.325000000000122,0.0,0.0,0.17612417670746716,0.0,0.0,2.640039383626319,0.6693311887158816,0.0,0.0,0.7429641712843124
13.350000000000122,0.0,0.0,0.1761244816366086,0.0,0.0,2.389342976332316,0.6676938962053458,0.0,0.0,0.7444359347654604
13.375000000000123,0.0,0.0,0.17612473140364615,0.0,0.0,2.1386001077395016,0.666053364663261,0.0,0.0,0.7459040926424447
13.400000000000123,0.0,0.0,0.17612493149914582,0.0,0.0,1.8878084017755603,0.664409602539547,0.0,0.0,0.7473686373224672
13.425000000000123,0.0,0.0,0.17612508741633914,0.0,0.0,1.6369654805757565,0.662762618252488,0.0,0.0,0.7488295612802068
13.450000000000124,0.0,0.0,0.17612520465133222,0.0,0.0,1.3860689644091315,0.6611124201881459,0.0,0.0,0.7502868570573341
13.475000000000124,0.0,0.0,0.17612528870331484,0.0,0.0,1.1351164716241147,0.6594590166997722,0.0,0.0,0.7517405172620202
13.500000000000124,0.0,0.0,0.17612534507477,0.0,0.0,0.8841056186468264,0.6578024161072225,0.0,0.0,0.7531905345684454
13.525000000000125,0.0,-1.017274893006274e-08,0.17612537927168384,-1.5964178051237088e-07,0.0,0.6330340203305818,0.6561426266963715,0.0,0.0,0.7546369017163063
13.550000000000125,-4.424573791066348e-11,-1.7401773139998118e-08,0.1761253968037557,-2.722516884922404e-07,7.029242285087058e-10,0.38189929030986874,0.6544796567185305,9.595891413023734e-11,-8.343447534721185e-11,0.7560796115103188
13.575000000000125,-1.197288288985078e-10,-2.1699406327443024e-08,0.17612540318460868,-3.3675977591398416e-07,1.8903511723408862e-09,0.13069904740513405,0.6528135143898647,2.598766969559602e-10,-2.2642718427697643e-10,0.757518656819721
