t,w1,w2,w3,v1,v2,v3,qw,qx,qy,qz
0.0,0.0,0.0,0.0,0.0,0.0,0.0,1.0,0.0,0.0,0.0
0.1,0.0,0.0,1.7499999999999999e-13,0.0,0.0,-0.981,1.0,0.0,0.0,0.0
0.2,0.0,0.0,1.68413525e-07,0.0,0.0,8.76751128521254,1.0,0.0,0.0,8.749999999999999e-15
0.30000000000000004,0.0,0.0,1.3620533173857622e-05,0.0,0.0,19.053826951304217,1.0,0.0,0.0,8.420685000000002e-09
0.4,0.0,0.0,7.715398960965084e-05,0.0,0.0,29.034222106731114,0.9999999999997624,0.0,0.0,6.894473436927212e-07
0.5,0.0,0.0,0.00022467654911967477,0.0,0.0,38.874367472159754,0.9999999999896618,0.0,0.0,4.547146824140512e-06
0.6,0.0,0.0,0.0004891394274077644,0.0,0.0,48.72094405497255,0.9999999998754804,0.0,0.0,1.5780974279012344e-05
0.7,0.0,0.0,0.0009045422457641234,0.0,0.0,58.51964877875186,0.9999999991904539,0.0,0.0,4.023794563432117e-05
0.7999999999999999,0.0,0.0,0.0015038383722471064,0.0,0.0,68.30406223031437,0.999999996347862,0.0,0.0,8.546505779850487e-05
0.8999999999999999,0.0,0.0,0.0023202912329255716,0.0,0.0,78.1847239994372,0.9999999870946681,0.0,0.0,0.00016065697568208573
0.9999999999999999,0.0,0.0,0.0033900401698025015,0.0,0.0,88.05148846287145,0.9999999617264305,0.0,0.0,0.00027667153396924445
1.0999999999999999,0.0,0.0,0.0047468264785697585,0.0,0.0,97.73363818228384,0.9999999004645858,0.0,0.0,0.0004461735295624321
1.2,0.0,0.0,0.006418402684405233,0.0,0.0,107.45082878628003,0.9999997664037246,0.0,0.0,0.0006835148106155497
1.3,0.0,0.0,0.008438896790780465,0.0,0.0,117.11144703723089,0.9999994955552207,0.0,0.0,0.0010044348181468279
1.4000000000000001,0.0,0.0,0.01083903772070744,0.0,0.0,126.56711055716254,0.9999989827205034,0.0,0.0,0.001426379317863519
1.5000000000000002,0.0,0.0,0.013642403578970515,0.0,0.0,135.7566614260917,0.9999980628359137,0.0,0.0,0.0019683303635213974
1.6000000000000003,0.0,0.0,0.016867631025418252,0.0,0.0,144.7193037246788,0.9999964875549288,0.0,0.0,0.0026504486044803977
1.7000000000000004,0.0,0.0,0.020532774477940524,0.0,0.0,153.92499900815017,0.9999938965714866,0.0,0.0,0.003493825950854164
1.8000000000000005,0.0,0.0,0.024679032909055855,0.0,0.0,161.2758914888674,0.9999897826864595,0.0,0.0,0.004520456026484657
1.9000000000000006,0.0,0.0,0.029230767714948418,0.0,0.0,164.42597756591317,0.9999834433568706,0.0,0.0,0.0057543906833451485
2.0000000000000004,0.0,0.0,0.033962050582362,0.0,0.0,163.98106334791643,0.9999739650751506,0.0,0.0,0.007215897164008258
2.1000000000000005,0.0,0.0,0.03866776368146184,0.0,0.0,161.13422178822293,0.999960270024148,0.0,0.0,0.00891394263125445
2.2000000000000006,0.0,0.0,0.04321150523211368,0.0,0.0,158.35390272448666,0.9999411670295609,0.0,0.0,0.010847233728455724
2.3000000000000007,0.0,0.0,0.047599797971202014,0.0,0.0,155.63737333427034,0.9999153969221707,0.0,0.0,0.013007651516621878
2.400000000000001,0.0,0.0,0.05183882156759545,0.0,0.0,152.98204538787672,0.9998816070063183,0.0,0.0,0.01538739648095869
2.500000000000001,0.0,0.0,0.05593443515470567,0.0,0.0,150.3854657124701,0.9998383652505978,0.0,0.0,0.01797897029898963
2.600000000000001,0.0,0.0,0.059892198106953065,0.0,0.0,147.84530740132547,0.9997841730985931,0.0,0.0,0.020775158761426164
2.700000000000001,0.0,0.0,0.06371738921823174,0.0,0.0,145.35936170099802,0.9997174770349769,0.0,0.0,0.02376901577307143
2.800000000000001,0.0,0.0,0.06741502442437801,0.0,0.0,142.92553051605526,0.9996366790280823,0.0,0.0,0.026953848365440944
2.9000000000000012,0.0,0.0,0.07098987319737979,0.0,0.0,140.54181947708574,0.9995401459574419,0.0,0.0,0.030323202656973997
3.0000000000000013,0.0,0.0,0.0744464737263925,0.0,0.0,138.20633152309244,0.999426218123585,0.0,0.0,0.03387085070068729
3.1000000000000014,0.0,0.0,0.07778914698935492,0.0,0.0,135.91726095417482,0.9992932169273985,0.0,0.0,0.037590778162886945
3.2000000000000015,0.0,0.0,0.08102200980895484,0.0,0.0,133.6728879146772,0.99913945179748,0.0,0.0,0.04147717278011038
3.3000000000000016,0.0,0.0,0.08414898697773357,0.0,0.0,131.47157327079313,0.9989632264359887,0.0,0.0,0.045524413544819654
3.4000000000000017,0.0,0.0,0.08717382252911064,0.0,0.0,129.31175385002123,0.9987628444464269,0.0,0.0,0.04972706057351969
3.5000000000000018,0.0,0.0,0.09010009022394512,0.0,0.0,127.19193801291601,0.99853661440048,0.0,0.0,0.0540798456139356
3.600000000000002,0.0,0.0,0.09293120331582938,0.0,0.0,125.11070153030613,0.99828285439539,0.0,0.0,0.058577663150661784
3.700000000000002,0.0,0.0,0.09567042365255031,0.0,0.0,123.06668374160328,0.997999896148296,0.0,0.0,0.06321556207129943
3.800000000000002,0.0,0.0,0.09832087016597757,0.0,0.0,121.05858397202424,0.9976860886694466,0.0,0.0,0.06798873785753842
3.900000000000002,0.0,0.0,0.10088552679798211,0.0,0.0,119.0851581885278,0.9973398015521417,0.0,0.0,0.07289252526792277
4.000000000000002,0.0,0.0,0.10336724990579478,0.0,0.0,117.14521587605118,0.9969594279136211,0.0,0.0,0.07792239148117375
4.100000000000001,0.0,0.0,0.10576877518643295,0.0,0.0,115.23761711723668,0.9965433870178595,0.0,0.0,0.08307392967094214
4.200000000000001,0.0,0.0,0.10809272415640825,0.0,0.0,113.3612698602909,0.9960901266082898,0.0,0.0,0.0883428529847271
4.300000000000001,0.0,0.0,0.11034161021984235,0.0,0.0,111.51512736092974,0.995598124975848,0.0,0.0,0.09372498890144315
4.4,0.0,0.0,0.11251784435532411,0.0,0.0,109.69818578554869,0.995065892785357,0.0,0.0,0.09921627394374592
4.5,0.0,0.0,0.11462374044931124,0.0,0.0,107.90948196383306,0.9944919746811343,0.0,0.0,0.10481274872274929
4.6,0.0,0.0,0.11666152030158423,0.0,0.0,106.14809127999693,0.9938749506907861,0.0,0.0,0.11051055329418802
4.699999999999999,0.0,0.0,0.11863331832617688,0.0,0.0,104.41312569272459,0.9932134374444145,0.0,0.0,0.11630592280640716
4.799999999999999,0.0,0.0,0.12054118596931371,0.0,0.0,102.70373187469212,0.9925060892249037,0.0,0.0,0.12219518342180058
4.899999999999999,0.0,0.0,0.12238709586416172,0.0,0.0,101.01908946327818,0.9917515988635346,0.0,0.0,0.1281747484944777
4.999999999999998,0.0,0.0,0.12417294574063494,0.0,0.0,99.35840941473862,0.9909486984939092,0.0,0.0,0.13424111498802113
5.099999999999998,0.0,0.0,0.12590056210705963,0.0,0.0,97.7209324547271,0.9900961601760053,0.0,0.0,0.14039086011820748
5.1999999999999975,0.0,0.0,0.12757170371920337,0.0,0.0,96.10592761859706,0.9891927964011444,0.0,0.0,0.14662063820650875
5.299999999999997,0.0,0.0,0.1291880648509788,0.0,0.0,94.51269087542626,0.9882374604877151,0.0,0.0,0.1529271777310746
5.399999999999997,0.0,0.0,0.13075127838004375,0.0,0.0,92.9405438301673,0.9872290468766303,0.0,0.0,0.1593072785627201
5.4999999999999964,0.0,0.0,0.132262918700522,0.0,0.0,91.3888324987503,0.9861664913347344,0.0,0.0,0.1657578093742161
5.599999999999996,0.0,0.0,0.13372450447415682,0.0,0.0,89.85692615135098,0.9850487710736675,0.0,0.0,0.1722757052119001
5.699999999999996,0.0,0.0,0.13513750123037147,0.0,0.0,88.34421621939202,0.9838749047910571,0.0,0.0,0.17885796521929995
5.799999999999995,0.0,0.0,0.13650332382494473,0.0,0.0,86.85011526217151,0.9826439526403383,0.0,0.0,0.18550165050309572
5.899999999999995,0.0,0.0,0.13782333876630393,0.0,0.0,85.37405598931007,0.9813550161349662,0.0,0.0,0.19220388213233386
5.999999999999995,0.0,0.0,0.13909886641779046,0.0,0.0,83.91549033548347,0.9800072379923209,0.0,0.0,0.19896183926236286
6.099999999999994,0.0,0.0,0.14033118308365827,0.0,0.0,82.47388858415947,0.9785998019221612,0.0,0.0,0.20577275737547618
6.199999999999994,0.0,0.0,0.14152152298601695,0.0,0.0,81.04873853728951,0.9771319323640975,0.0,0.0,0.21263392663073494
6.299999999999994,0.0,0.0,0.14267108013942698,0.0,0.0,79.6395447281202,0.975602894178189,0.0,0.0,0.2195426903158961
6.399999999999993,0.0,0.0,0.14378101012938987,0.0,0.0,78.245827674486,0.9740119922924492,0.0,0.0,0.22649644339479955
6.499999999999993,0.0,0.0,0.1448524318005463,0.0,0.0,76.86712317012635,0.9723585713107422,0.0,0.0,0.23349263114396593
6.5999999999999925,0.0,0.0,0.14588642886000028,0.0,0.0,75.50298161173822,0.97064201508428,0.0,0.0,0.2405287478725321
6.699999999999992,0.0,0.0,0.14688405140082123,0.0,0.0,74.15296735962963,0.96886174624969,0.0,0.0,0.24760233572000367
6.799999999999992,0.0,0.0,0.14784631735043793,0.0,0.0,72.81665812998291,0.9670172257363853,0.0,0.0,0.25471098352663285
6.8999999999999915,0.0,0.0,0.14877421384832623,0.0,0.0,71.49364441686885,0.9651079522457758,0.0,0.0,0.26185232577154055
6.999999999999991,0.0,0.0,0.14966869855710221,0.0,0.0,70.18352894227496,0.9631334617046566,0.0,0.0,0.26902404157399173
7.099999999999991,0.0,0.0,0.15053070091086568,0.0,0.0,68.88592613252494,0.9610933266949474,0.0,0.0,0.27622385375350755
7.19999999999999,0.0,0.0,0.15136112330438942,0.0,0.0,67.6004616195709,0.9589871558617956,0.0,0.0,0.283449527944754
7.29999999999999,0.0,0.0,0.15216084222652076,0.0,0.0,66.32677176573783,0.956814593301907,0.0,0.0,0.29069887176338755
7.39999999999999,0.0,0.0,0.15293070934094702,0.0,0.0,65.06450321058979,0.9545753179338379,0.0,0.0,0.2979697340192664
7.499999999999989,0.0,0.0,0.15367155251727918,0.0,0.0,63.813312438671154,0.9522690428518653,0.0,0.0,0.3052600039736494
7.599999999999989,0.0,0.0,0.15438417681522337,0.0,0.0,62.57286536695436,0.9498955146649284,0.0,0.0,0.3125676106372042
7.699999999999989,0.0,0.0,0.1550693654244388,0.0,0.0,61.342836950897826,0.947454512822043,0.0,0.0,0.31989052210583746
7.799999999999988,0.0,0.0,0.15572788056252107,0.0,0.0,60.12291080808495,0.9449458489254884,0.0,0.0,0.3272267449315352
7.899999999999988,0.0,0.0,0.15636046433340253,0.0,0.0,58.91277885847793,0.9423693660329829,0.0,0.0,0.3345743235255714
7.999999999999988,0.0,0.0,0.1569678395483224,0.0,0.0,57.71214098037815,0.9397249379499804,0.0,0.0,0.34193133959159944
8.099999999999987,0.0,0.0,0.15755071051139174,0.0,0.0,56.52070468123945,0.937012468513148,0.0,0.0,0.3492959115862889
8.199999999999987,0.0,0.0,0.15810976377165792,0.0,0.0,55.33818478253086,0.9342318908660191,0.0,0.0,0.35666619420531354
8.299999999999986,0.0,0.0,0.15864566884346237,0.0,0.0,54.164303117892814,0.931383166727742,0.0,0.0,0.364040377892622
8.399999999999986,0.0,0.0,0.1591590788967806,0.0,0.0,52.99878824387463,0.9284662856558004,0.0,0.0,0.3714166883710552
8.499999999999986,0.0,0.0,0.15965063141913644,0.0,0.0,51.84137516258211,0.9254812643035142,0.0,0.0,0.37879338619248465
8.599999999999985,0.0,0.0,0.16012094885059228,0.0,0.0,50.691805055602536,0.9224281456730855,0.0,0.0,0.3861687663057602
8.699999999999985,0.0,0.0,0.16057063919323145,0.0,0.0,49.54982502860983,0.9193069983649057,0.0,0.0,0.3935411576408592
8.799999999999985,0.0,0.0,0.16100029659647047,0.0,0.0,48.41518786608642,0.9161179158237932,0.0,0.0,0.40090892270772616
8.899999999999984,0.0,0.0,0.16141050191946446,0.0,0.0,47.287651795629245,0.9128610155827963,0.0,0.0,0.4082704572083879
8.999999999999984,0.0,0.0,0.1618018232717998,0.0,0.0,46.16698026133671,0.9095364385051475,0.0,0.0,0.4156241896610109
9.099999999999984,0.0,0.0,0.16217481653360366,0.0,0.0,45.05294170580068,0.9061443480249318,0.0,0.0,0.4229685810346571
9.199999999999983,0.0,0.0,0.16253002585613927,0.0,0.0,43.94530936025307,0.9026849293869841,0.0,0.0,0.43030212439356585
9.299999999999983,0.0,0.0,0.16286798414389872,0.0,0.0,42.84386104244065,0.8991583888865123,0.0,0.0,0.43762334454986657
9.399999999999983,0.0,0.0,0.16318921351915291,0.0,0.0,41.7483789618238,0.8955649531089053,0.0,0.0,0.4449307977236958
9.499999999999982,0.0,0.0,0.1634942257698674,0.0,0.0,40.65864953171622,0.8919048681701529,0.0,0.0,0.452223071209754
9.599999999999982,0.0,0.0,0.16378352278184743,0.0,0.0,39.57446318800188,0.8881783989582925,0.0,0.0,0.4594987830494047
9.699999999999982,0.0,0.0,0.16405759695593067,0.0,0.0,38.49561421408419,0.8843858283762566,0.0,0.0,0.4667565817074706
9.799999999999981,0.0,0.0,0.1643169316110066,0.0,0.0,37.42190057173934,0.8805274565864775,0.0,0.0,0.47399514575293833
9.89999999999998,0.0,0.0,0.1645620013736018,0.0,0.0,36.353123737561944,0.8766036002575891,0.0,0.0,0.4812131835428378
9.99999999999998,0.0,0.0,0.16479327255473553,0.0,0.0,35.289088544706345,0.8726145918135317,0.0,0.0,0.4884094329086034
10.09999999999998,0.0,0.0,0.16501120351471585,0.0,0.0,34.22960302964095,0.8685607786853535,0.0,0.0,0.49558266084427577
10.19999999999998,0.0,0.0,0.16521624501651505,0.0,0.0,33.17447828364624,0.8644425225659828,0.0,0.0,0.5027316631959444
10.29999999999998,0.0,0.0,0.16540884056833366,0.0,0.0,32.123528308799614,0.8602601986682202,0.0,0.0,0.5098552643518691
10.399999999999979,0.0,0.0,0.16558942675593474,0.0,0.0,31.07656987820177,0.8560141949861892,0.0,0.0,0.5169523169327576
10.499999999999979,0.0,0.0,0.16575843356530381,0.0,0.0,30.033422400210178,0.8517049115604599,0.0,0.0,0.5240217014817128
10.599999999999978,0.0,0.0,0.16591628469616596,0.0,0.0,28.993907786455573,0.8473327597470461,0.0,0.0,0.5310623261533945
10.699999999999978,0.0,0.0,0.1660633978668686,0.0,0.0,27.957850323426705,0.8428981614904648,0.0,0.0,0.5380731264019736
10.799999999999978,0.0,0.0,0.16620018511111737,0.0,0.0,26.92507654741769,0.8384015486010192,0.0,0.0,0.5450530646674805
10.899999999999977,0.0,0.0,0.16632705306703213,0.0,0.0,25.895415122640483,0.8338433620364663,0.0,0.0,0.5520011300601864
10.999999999999977,0.0,0.0,0.16644440325897256,0.0,0.0,24.868696722312944,0.829224051188202,0.0,0.0,0.5589163380426684
11.099999999999977,0.0,0.0,0.16655263237256418,0.0,0.0,23.844753912540043,0.824544073172093,0.0,0.0,0.5657977301092451
11.199999999999976,0.0,0.0,0.16665213252334035,0.0,0.0,22.823421038812672,0.8198038921240627,0.0,0.0,0.5726443734624816
11.299999999999976,0.0,0.0,0.16674329151940046,0.0,0.0,21.80453411495475,0.8150039785005294,0.0,0.0,0.5794553606864883
11.399999999999975,0.0,0.0,0.16682649311847025,0.0,0.0,20.78793071435514,0.8101448083837827,0.0,0.0,0.5862298094167542
11.499999999999975,0.0,0.0,0.1669021172797376,0.0,0.0,19.77344986332642,0.8052268627923649,0.0,0.0,0.5929668620062725
11.599999999999975,0.0,0.0,0.16697054041082468,0.0,0.0,18.760931936437395,0.8002506269965219,0.0,0.0,0.5996656851877333
11.699999999999974,0.0,0.0,0.16703213561024632,0.0,0.0,17.750218553671125,0.7952165898387636,0.0,0.0,0.6063254697315688
11.799999999999974,0.0,0.0,0.16708727290569436,0.0,0.0,16.74115247926423,0.790125243059574,0.0,0.0,0.6129454300996537
11.899999999999974,0.0,0.0,0.16713631948847782,0.0,0.0,15.733577522087366,0.7849770806282867,0.0,0.0,0.6195248040944707
11.999999999999973,0.0,0.0,0.16717963994444043,0.0,0.0,14.727338437430243,0.7797725980791449,0.0,0.0,0.6260628525035649
12.099999999999973,0.0,0.0,0.16721759648166928,0.0,0.0,13.72228083005779,0.7745122918525367,0.0,0.0,0.6325588587391148
12.199999999999973,0.0,0.0,0.1672505491553006,0.0,0.0,12.718251058407057,0.7691966586413994,0.0,0.0,0.6390121284724621
12.299999999999972,0.0,0.0,0.16727885608972293,0.0,0.0,11.715096139797046,0.7638261947427692,0.0,0.0,0.6454219892634437
12.399999999999972,0.0,0.0,0.16730287369847174,0.0,0.0,10.712663656525985,0.7584013954144398,0.0,0.0,0.6517877901843746
12.499999999999972,0.0,0.0,0.16732295690210486,0.0,0.0,9.710801662732674,0.752922754236688,0.0,0.0,0.6581089014385386
12.599999999999971,0.0,0.0,0.16733945934434313,0.0,0.0,8.709358591900289,0.7473907624790097,0.0,0.0,0.6643847139730447
12.69999999999997,0.0,0.0,0.16735273360675754,0.0,0.0,7.708183164882621,0.7418059084718037,0.0,0.0,0.6706146390859077
12.79999999999997,0.0,0.0,0.16736313142228063,0.0,0.0,6.707124298334199,0.7361686769829208,0.0,0.0,0.6767981080272139
12.89999999999997,0.0,0.0,0.16737100388781745,0.0,0.0,5.706031013427157,0.730479548599,0.0,0.0,0.6829345715942349
12.99999999999997,0.0,0.0,0.16737670167622953,0.0,0.0,4.704752344739905,0.7247389991114905,0.0,0.0,0.689023499720347
13.09999999999997,0.0,0.0,0.16738057524796396,0.0,0.0,3.7031372492075114,0.7189474989072536,0.0,0.0,0.6950643810576144
13.199999999999969,0.0,0.0,0.16738297506259908,0.0,0.0,2.701034515040441,0.7131055123636314,0.0,0.0,0.7010567225528921
13.299999999999969,0.0,0.0,0.1673842517905781,0.0,0.0,1.6982926705986503,0.707213497247853,0.0,0.0,0.7070000490172977
13.399999999999968,0.0,0.0,0.16738475652540222,0.0,0.0,0.694759893815251,0.7012719041206438,0.0,0.0,0.7128939026888972
13.499999999999968,0.0,-3.194874911640123e-08,0.16738484099655648,-5.016530979912217e-07,0.0,-0.309716063850237,0.6952811757438947,0.0,0.0,0.7187378427884449
13.599999999999968,-5.282519994657358e-10,-3.137486889780937e-08,0.1673848577834385,-4.6396690625128274e-07,8.396912404269062e-09,-1.2668380407210154,0.6892417464922328,1.1480985428605e-09,-1.1106292965637822e-09,0.7245314450680087
