t,w1,w2,w3,v1,v2,v3,qw,qx,qy,qz
0.0,0.0,0.0,0.0,0.0,0.0,0.0,1.0,0.0,0.0,0.0
0.2,0.0,0.0,3.4999999999999997e-13,0.0,0.0,-1.962,1.0,0.0,0.0,0.0
0.4,0.0,0.0,1.3473061000000003e-06,0.0,0.0,18.686446207277836,1.0,0.0,0.0,3.4999999999999996e-14
0.6000000000000001,0.0,0.0,0.00012356145160012086,0.0,0.0,38.41302575123632,0.9999999999999909,0.0,0.0,1.347306449999988e-07
0.8,0.0,0.0,0.0006400076435279214,0.0,0.0,58.11325539789259,0.999999999921989,0.0,0.0,1.249087580405845e-05
1.0,0.0,0.0,0.0018220103024071638,0.0,0.0,78.03366274226181,0.9999999970745145,0.0,0.0,7.649163999519922e-05
1.2,0.0,0.0,0.003953248685097735,0.0,0.0,97.61293367775626,0.9999999665390519,0.0,0.0,0.00025869266540895107
1.4,0.0,0.0,0.00728814837286005,0.0,0.0,117.20347810732098,0.9999997861305518,0.0,0.0,0.0006540174695852836
1.5999999999999999,0.0,0.0,0.012095977721368693,0.0,0.0,135.89552493821665,0.9999990438876718,0.0,0.0,0.0013828317837399932
1.7999999999999998,0.0,0.0,0.018559635516100407,0.0,0.0,154.65430191980184,0.9999966396567678,0.0,0.0,0.0025924265028419067
1.9999999999999998,0.0,0.0,0.026930919102255837,0.0,0.0,161.2541960545243,0.9999901059258396,0.0,0.0,0.004448376156344164
2.1999999999999997,0.0,0.0,0.03603193961342267,0.0,0.0,155.68800030183954,0.9999744997670291,0.0,0.0,0.007141415523536196
2.4,0.0,0.0,0.04451550331706763,0.0,0.0,150.37508356207277,0.9999422767541569,0.0,0.0,0.010744447855200023
2.6,0.0,0.0,0.052429936332122756,0.0,0.0,145.29521405242065,0.9998845403466363,0.0,0.0,0.015195590669524089
2.8000000000000003,0.0,0.0,0.05981868106176132,0.0,0.0,140.43021657963652,0.9997911284356519,0.0,0.0,0.020437698044680045
3.0000000000000004,0.0,0.0,0.06672090706712258,0.0,0.0,135.76371423194036,0.9996509878528334,0.0,0.0,0.026417844061432754
3.2000000000000006,0.0,0.0,0.07317203220319077,0.0,0.0,131.28090811473425,0.9994524796382831,0.0,0.0,0.0330868696749501
3.400000000000001,0.0,0.0,0.07920416909594102,0.0,0.0,126.96838872541662,0.9991836277703794,0.0,0.0,0.040398985081609426
3.600000000000001,0.0,0.0,0.084846509203726,0.0,0.0,122.81397376889294,0.9988323215811239,0.0,0.0,0.048311420646283694
3.800000000000001,0.0,0.0,0.09012565445759321,0.0,0.0,118.80656817137856,0.9983864801156761,0.0,0.0,0.05678412033509649
4.000000000000001,0.0,0.0,0.09506590468217437,0.0,0.0,114.9360428123001,0.9978341851304173,0.0,0.0,0.06577947236878796
4.200000000000001,0.0,0.0,0.09968950756059718,0.0,0.0,111.1931291052913,0.9971637881739398,0.0,0.0,0.07526207248407434
4.400000000000001,0.0,0.0,0.10401687674702627,0.0,0.0,107.5693270520401,0.9963639961929478,0.0,0.0,0.08519851577592086
4.600000000000001,0.0,0.0,0.10806678279022633,0.0,0.0,104.05682479208066,0.9954239392984425,0.0,0.0,0.09555721360300673
4.800000000000002,0.0,0.0,0.11185652076560974,0.0,0.0,100.6484279968466,0.9943332236763834,0.0,0.0,0.10630823248145413
5.000000000000002,0.0,0.0,0.11540205788634249,0.0,0.0,97.33749772240887,0.9930819720996811,0.0,0.0,0.1174231522767481
5.200000000000002,0.0,0.0,0.11871816384869348,0.0,0.0,94.11789555403737,0.9916608540701005,0.0,0.0,0.12887494133833288
5.400000000000002,0.0,0.0,0.12181852624127572,0.0,0.0,90.98393505625924,0.9900611072698342,0.0,0.0,0.14063784651234584
5.600000000000002,0.0,0.0,0.12471585299503828,0.0,0.0,87.93033869171443,0.9882745517176189,0.0,0.0,0.15268729622119595
5.8000000000000025,0.0,0.0,0.12742196355724214,0.0,0.0,84.9521994966096,0.9862935977910408,0.0,0.0,0.16499981501930452
6.000000000000003,0.0,0.0,0.12994787022735124,0.0,0.0,82.04494690455182,0.9841112490851879,0.0,0.0,0.1775529482266953
6.200000000000003,0.0,0.0,0.132303850887101,0.0,0.0,79.20431619769903,0.9817211009202765,0.0,0.0,0.19032519541006707
6.400000000000003,0.0,0.0,0.1344995141839718,0.0,0.0,76.42632113747001,0.9791173351809055,0.0,0.0,0.20329595162777464
6.600000000000003,0.0,0.0,0.13654385808123448,0.0,0.0,73.70722938891693,0.9762947120621362,0.0,0.0,0.21644545548361674
6.800000000000003,0.0,0.0,0.13844532256405112,0.0,0.0,71.04354040523134,0.9732485592085369,0.0,0.0,0.22975474314691904
7.0000000000000036,0.0,0.0,0.14021183718605953,0.0,0.0,68.4319654833221,0.9699747586583122,0.0,0.0,0.24320560759519716
7.200000000000004,0.0,0.0,0.14185086405137823,0.0,0.0,65.86940973927287,0.966469731943005,0.0,0.0,0.2567805624225012
7.400000000000004,0.0,0.0,0.1433694367505183,0.0,0.0,63.35295578482758,0.9627304236417693,0.0,0.0,0.27046280963293134
7.600000000000004,0.0,0.0,0.14477419570320432,0.0,0.0,60.87984891374594,0.9587542836460938,0.0,0.0,0.28423621090611517
7.800000000000004,0.0,0.0,0.1460714203048705,0.0,0.0,58.4474836306463,0.9545392483546447,0.0,0.0,0.2980852618808081
8.000000000000004,0.0,0.0,0.14726705822518463,0.0,0.0,56.053391375415245,0.950083720987381,0.0,0.0,0.31199506905522123
8.200000000000003,0.0,0.0,0.14836675216517453,0.0,0.0,53.69522931391468,0.9453865511822926,0.0,0.0,0.3259513289490478
8.400000000000002,0.0,0.0,0.1493758643434004,0.0,0.0,51.37077008097866,0.9404470140162208,0.0,0.0,0.3399403092132124
8.600000000000001,0.0,0.0,0.15029949895029987,0.0,0.0,49.07789237491472,0.9352647885725633,0.0,0.0,0.35394883140973676
8.8,0.0,0.0,0.15114252278263718,0.0,0.0,46.8145723142039,0.9298399361627028,0.0,0.0,0.3679642552163745
9.0,0.0,0.0,0.1519095842463238,0.0,0.0,44.578875477077936,0.9241728782942547,0.0,0.0,0.38197446383928985
9.2,0.0,0.0,0.1526051308952541,0.0,0.0,42.36894955335112,0.9182643744673765,0.0,0.0,0.39596785044247934
9.399999999999999,0.0,0.0,0.15323342565579315,0.0,0.0,40.18301754547555,0.912115499870035,0.0,0.0,0.4099333054252069
9.599999999999998,0.0,0.0,0.15379856187081414,0.0,0.0,38.01937146242194,0.9057276230341107,0.0,0.0,0.423860204398785
9.799999999999997,0.0,0.0,0.15430447728340332,0.0,0.0,35.8763664557921,0.8991023835062558,0.0,0.0,0.4377383967318491
9.999999999999996,0.0,0.0,0.15475496706827793,0.0,0.0,33.75241535265185,0.89224166958037,0.0,0.0,0.45155819454908985
10.199999999999996,0.0,0.0,0.1551536960083762,0.0,0.0,31.64598354402753,0.8851475961322531,0.0,0.0,0.4653103620824425
10.399999999999995,0.0,0.0,0.1555042099047903,0.0,0.0,29.55558419191479,0.8778224825913226,0.0,0.0,0.478986105286163
10.599999999999994,0.0,0.0,0.15580994630006417,0.0,0.0,27.479773721072377,0.8702688310791411,0.0,0.0,0.4925770616382228
10.799999999999994,0.0,0.0,0.15607424458773064,0.0,0.0,25.41714756487436,0.8624893047397941,0.0,0.0,0.5060752900601516
10.999999999999993,0.0,0.0,0.15630035557469776,0.0,0.0,23.366336137121493,0.8544867062828305,0.0,0.0,0.519473260895996
11.199999999999992,0.0,0.0,0.1564914505576133,0.0,0.0,21.32600100400859,0.8462639567554586,0.0,0.0,0.5327638458985324
11.399999999999991,0.0,0.0,0.15665062996955134,0.0,0.0,19.294831232446267,0.8378240745569346,0.0,0.0,0.5459403081773828
11.59999999999999,0.0,0.0,0.15678093164920234,0.0,0.0,17.27153989267379,0.8291701547045477,0.0,0.0,0.5589962920693096
11.79999999999999,0.0,0.0,0.15688533878114483,0.0,0.0,15.254860694601039,0.8203053483572453,0.0,0.0,0.5719258128957799
11.99999999999999,0.0,0.0,0.15696678755267893,0.0,0.0,13.243544738605118,0.8112328425997614,0.0,0.0,0.5847232465769687
12.199999999999989,0.0,0.0,0.15702817457006413,0.0,0.0,11.2363573625995,0.8019558404870242,0.0,0.0,0.5973833190747383
12.399999999999988,0.0,0.0,0.15707236407478714,0.0,0.0,9.232075068107601,0.7924775413456739,0.0,0.0,0.6099010956398715
12.599999999999987,0.0,0.0,0.15710219499865924,0.0,0.0,7.229482508822562,0.7828011213266445,0.0,0.0,0.6222719698409593
12.799999999999986,0.0,0.0,0.15712048789508012,0.0,0.0,5.2273695257368615,0.7729297141999607,0.0,0.0,0.634491652353888
12.999999999999986,0.0,0.0,0.15713005178268563,0.0,0.0,3.2245282134182007,0.7628663923801609,0.0,0.0,0.6465561594918714
13.199999999999985,0.0,0.0,0.15713369093680532,0.0,0.0,1.2197500026864172,0.7526141481680589,0.0,0.0,0.6584618014564451
13.399999999999984,0.0,0.0,0.1571342116636795,0.0,0.0,-0.788177245735108,0.7421758751918878,0.0,0.0,0.6702051702897817
13.599999999999984,0.0,0.0,0.15713442909220923,0.0,0.0,-2.703413727637561,0.7315543500282272,0.0,0.0,0.681783127508138
