t,w1,w2,w3,v1,v2,v3,qw,qx,qy,qz
0.0,0.0,0.0,0.0,0.0,0.0,0.0,1.0,0.0,0.0,0.0
0.4,0.0,0.0,6.999999999999999e-13,0.0,0.0,-3.924,1.0,0.0,0.0,0.0
0.8,0.0,0.0,1.0778444600000003e-05,0.0,0.0,35.71201959113522,1.0,0.0,0.0,1.3999999999999998e-13
1.2000000000000002,0.0,0.0,0.000903522285594338,0.0,0.0,76.04787225010091,0.9999999999976765,0.0,0.0,2.1556890599949924e-06
1.6,0.0,0.0,0.004951817497931707,0.0,0.0,116.21468644216853,0.9999999832810837,0.0,0.0,0.00018286014319287595
2.0,0.0,0.0,0.014405914840027794,0.0,0.0,155.11566323932965,0.9999993117735998,0.0,0.0,0.0011732230508613194
2.4,0.0,0.0,0.031248523128251784,0.0,0.0,144.54085747922662,0.999991780938408,0.0,0.0,0.0040543872078250675
2.8,0.0,0.0,0.045872964765532855,0.0,0.0,134.87335325030716,0.9999469140393892,0.0,0.0,0.010303839240894251
3.1999999999999997,0.0,0.0,0.05860653975812036,0.0,0.0,125.97634830325208,0.9998103027997131,0.0,0.0,0.019477125443611906
3.5999999999999996,0.0,0.0,0.06971556799109596,0.0,0.0,117.7386728228018,0.9995133466729081,0.0,0.0,0.031194067107749968
3.9999999999999996,0.0,0.0,0.0794192445464483,0.0,0.0,110.06894105125497,0.9989813027850578,0.0,0.0,0.04512600897341354
4.3999999999999995,0.0,0.0,0.08789986479604955,0.0,0.0,102.8912391293477,0.9981386224991062,0.0,0.0,0.060985984255292225
4.8,0.0,0.0,0.09531048975945038,0.0,0.0,96.14189530688947,0.9969124518328835,0.0,0.0,0.07852110149857075
5.2,0.0,0.0,0.101780774583391,0.0,0.0,89.7670262606503,0.9952348752745578,0.0,0.0,0.09750663073471127
5.6000000000000005,0.0,0.0,0.10742145788666721,0.0,0.0,83.7206487718046,0.9930442911109734,0.0,0.0,0.11774139413097011
6.000000000000001,0.0,0.0,0.11232786080890751,0.0,0.0,77.96320915858666,0.9902861814699324,0.0,0.0,0.1390441612930944
6.400000000000001,0.0,0.0,0.11658264419722139,0.0,0.0,72.46042541183962,0.9869134576819447,0.0,0.0,0.16125082029641963
6.800000000000002,0.0,0.0,0.12025800347352673,0.0,0.0,67.18236616067574,0.9828865062906832,0.0,0.0,0.18421214876249234
7.200000000000002,0.0,0.0,0.12341743270028971,0.0,0.0,62.1027109251419,0.9781730236316565,0.0,0.0,0.20779204950936572
7.600000000000002,0.0,0.0,0.12611715539396592,0.0,0.0,57.198150483681026,0.9727477013096334,0.0,0.0,0.23186614586184082
8.000000000000002,0.0,0.0,0.1284072952877936,0.0,0.0,52.44789647774478,0.9665918072184466,0.0,0.0,0.25632065507519564
8.400000000000002,0.0,0.0,0.13033284257995176,0.0,0.0,47.83327684072046,0.9596926943912419,0.0,0.0,0.2810514763029685
8.800000000000002,0.0,0.0,0.13193445824197647,0.0,0.0,43.337399111800714,0.9520432612402104,0.0,0.0,0.3059634434488937
9.200000000000003,0.0,0.0,0.13324914935591933,0.0,0.0,38.94486774957158,0.9436413805006914,0.0,0.0,0.3309697040617909
9.600000000000003,0.0,0.0,0.13431084126344148,0.0,0.0,34.64154459037616,0.9344893096639623,0.0,0.0,0.3559911938851455
10.000000000000004,0.0,0.0,0.13515086689226638,0.0,0.0,30.414343879642043,0.9245930923407859,0.0,0.0,0.3809561833015747
10.400000000000004,0.0,0.0,0.13579838951250675,0.0,0.0,26.251055036118945,0.9139619574835519,0.0,0.0,0.40579987712274423
10.800000000000004,0.0,0.0,0.1362807720365633,0.0,0.0,22.14018762924898,0.902607721459698,0.0,0.0,0.4304640532742914
11.200000000000005,0.0,0.0,0.13662390357304416,0.0,0.0,18.070834059501433,0.8905441964398423,0.0,0.0,0.4548967291455452
11.600000000000005,0.0,0.0,0.1368524921042684,0.0,0.0,14.032546203600127,0.8777866073192238,0.0,0.0,0.47905184689238667
12.000000000000005,0.0,0.0,0.1369903307520377,0.0,0.0,10.015222874477987,0.8643510183446287,0.0,0.0,0.5028889709335488
12.400000000000006,0.0,0.0,0.13706054403519552,0.0,0.0,6.0090053884247885,0.8502537697091348,0.0,0.0,0.5263729923689148
12.800000000000006,0.0,0.0,0.1370858197379262,0.0,0.0,2.0041788576782817,0.8355109235585461,0.0,0.0,0.5494738361508628
13.200000000000006,0.0,0.0,0.13708863145165168,0.0,0.0,-2.008922936867301,0.8201377180921452,0.0,0.0,0.5721661676144519
13.600000000000007,0.0,0.0,0.13709145649230806,0.0,0.0,-5.8438366622763755,0.8041480277096638,0.0,0.0,0.5944290954610632
